     0.227082
     0.227304
     0.227527
     0.227750
     0.227973
     0.228197
     0.228421
     0.228646
     0.228871
     0.229096
     0.229322
     0.229548
     0.229775
     0.230002
     0.230230
     0.230458
     0.230687
     0.230916
     0.231146
     0.231376
     0.231606
     0.231837
     0.232068
     0.232300
     0.232532
     0.232765
     0.232998
     0.233232
     0.233466
     0.233701
     0.233936
     0.234172
     0.234408
     0.234644
     0.234881
     0.235119
     0.235357
     0.235595
     0.235834
     0.236074
     0.236313
     0.236554
     0.236795
     0.237036
     0.237278
     0.237520
     0.237763
     0.238007
     0.238250
     0.238495
     0.238740
     0.238985
     0.239231
     0.239477
     0.239724
     0.239972
     0.240220
     0.240468
     0.240717
     0.240966
     0.241216
     0.241467
     0.241718
     0.241969
     0.242221
     0.242474
     0.242727
     0.242981
     0.243235
     0.243490
     0.243745
     0.244001
     0.244257
     0.244514
     0.244771
     0.245029
     0.245287
     0.245546
     0.245806
     0.246066
     0.246327
     0.246588
     0.246850
     0.247112
     0.247375
     0.247638
     0.247902
     0.248167
     0.248432
     0.248698
     0.248964
     0.249231
     0.249498
     0.249766
     0.250035
     0.250304
     0.250574
     0.250844
     0.251115
     0.251386
     0.251659
     0.251931
     0.252204
     0.252478
     0.252753
     0.253028
     0.253303
     0.253580
     0.253856
     0.254134
     0.254412
     0.254691
     0.254970
     0.255250
     0.255530
     0.255811
     0.256093
     0.256375
     0.256658
     0.256942
     0.257226
     0.257511
     0.257797
     0.258083
     0.258369
     0.258657
     0.258945
     0.259234
     0.259523
     0.259813
     0.260103
     0.260395
     0.260687
     0.260979
     0.261272
     0.261566
     0.261861
     0.262156
     0.262452
     0.262749
     0.263046
     0.263344
     0.263642
     0.263942
     0.264241
     0.264542
     0.264843
     0.265145
     0.265448
     0.265751
     0.266055
     0.266360
     0.266666
     0.266972
     0.267279
     0.267586
     0.267895
     0.268204
     0.268513
     0.268824
     0.269135
     0.269447
     0.269759
     0.270073
     0.270387
     0.270701
     0.271017
     0.271333
     0.271650
     0.271968
     0.272286
     0.272605
     0.272925
     0.273246
     0.273568
     0.273890
     0.274213
     0.274537
     0.274861
     0.275186
     0.275512
     0.275839
     0.276167
     0.276495
     0.276824
     0.277154
     0.277485
     0.277817
     0.278149
     0.278482
     0.278816
     0.279151
     0.279486
     0.279822
     0.280160
     0.280498
     0.280836
     0.281176
     0.281516
     0.281858
     0.282200
     0.282543
     0.282886
     0.283231
     0.283576
     0.283922
     0.284270
     0.284617
     0.284966
     0.285316
     0.285666
     0.286018
     0.286370
     0.286723
     0.287077
     0.287432
     0.287788
     0.288144
     0.288502
     0.288860
     0.289220
     0.289580
     0.289941
     0.290303
     0.290666
     0.291029
     0.291394
     0.291760
     0.292126
     0.292494
     0.292862
     0.293231
     0.293602
     0.293973
     0.294345
     0.294718
     0.295092
     0.295467
     0.295843
     0.296220
     0.296598
     0.296976
     0.297356
     0.297737
     0.298119
     0.298501
     0.298885
     0.299270
     0.299655
     0.300042
     0.300430
     0.300818
     0.301208
     0.301599
     0.301990
     0.302383
     0.302777
     0.303171
     0.303567
     0.303964
     0.304362
     0.304761
     0.305161
     0.305562
     0.305964
     0.306367
     0.306771
     0.307176
     0.307583
     0.307990
     0.308399
     0.308808
     0.309219
     0.309630
     0.310043
     0.310457
     0.310872
     0.311288
     0.311706
     0.312124
     0.312544
     0.312964
     0.313386
     0.313809
     0.314233
     0.314658
     0.315085
     0.315512
     0.315941
     0.316371
     0.316802
     0.317234
     0.317667
     0.318102
     0.318538
     0.318975
     0.319413
     0.319852
     0.320293
     0.320734
     0.321177
     0.321622
     0.322067
     0.322514
     0.322962
     0.323411
     0.323861
     0.324313
     0.324766
     0.325220
     0.325676
     0.326133
     0.326591
     0.327050
     0.327511
     0.327972
     0.328436
     0.328900
     0.329366
     0.329833
     0.330302
     0.330772
     0.331243
     0.331715
     0.332189
     0.332664
     0.333141
     0.333619
     0.334098
     0.334579
     0.335061
     0.335545
     0.336030
     0.336516
     0.337004
     0.337493
     0.337983
     0.338475
     0.338969
     0.339463
     0.339960
     0.340458
     0.340957
     0.341457
     0.341960
     0.342463
     0.342968
     0.343475
     0.343983
     0.344493
     0.345004
     0.345516
     0.346030
     0.346546
     0.347063
     0.347582
     0.348103
     0.348624
     0.349148
     0.349673
     0.350200
     0.350728
     0.351258
     0.351789
     0.352322
     0.352857
     0.353393
     0.353931
     0.354470
     0.355011
     0.355554
     0.356099
     0.356645
     0.357193
     0.357742
     0.358293
     0.358846
     0.359401
     0.359957
     0.360515
     0.361075
     0.361637
     0.362200
     0.362765
     0.363332
     0.363901
     0.364471
     0.365043
     0.365617
     0.366193
     0.366770
     0.367350
     0.367931
     0.368514
     0.369099
     0.369686
     0.370275
     0.370865
     0.371458
     0.372052
     0.372648
     0.373246
     0.373846
     0.374448
     0.375052
     0.375658
     0.376266
     0.376876
     0.377488
     0.378102
     0.378717
     0.379335
     0.379955
     0.380577
     0.381201
     0.381827
     0.382455
     0.383085
     0.383717
     0.384351
     0.384988
     0.385626
     0.386267
     0.386909
     0.387554
     0.388201
     0.388850
     0.389502
     0.390155
     0.390811
     0.391469
     0.392129
     0.392791
     0.393456
     0.394123
     0.394792
     0.395463
     0.396137
     0.396813
     0.397491
     0.398172
     0.398855
     0.399540
     0.400228
     0.400918
     0.401611
     0.402305
     0.403003
     0.403702
     0.404404
     0.405109
     0.405816
     0.406525
     0.407237
     0.407952
     0.408669
     0.409388
     0.410110
     0.410835
     0.411562
     0.412292
     0.413024
     0.413759
     0.414496
     0.415237
     0.415979
     0.416725
     0.417473
     0.418224
     0.418977
     0.419734
     0.420493
     0.421254
     0.422019
     0.422786
     0.423556
     0.424329
     0.425105
     0.425884
     0.426665
     0.427449
     0.428237
     0.429027
     0.429820
     0.430616
     0.431415
     0.432217
     0.433021
     0.433829
     0.434640
     0.435454
     0.436271
     0.437091
     0.437914
     0.438741
     0.439570
     0.440402
     0.441238
     0.442077
     0.442919
     0.443764
     0.444613
     0.445465
     0.446320
     0.447178
     0.448039
     0.448904
     0.449773
     0.450644
     0.451519
     0.452398
     0.453280
     0.454165
     0.455054
     0.455946
     0.456842
     0.457741
     0.458644
     0.459550
     0.460460
     0.461374
     0.462291
     0.463212
     0.464137
     0.465065
     0.465997
     0.466933
     0.467872
     0.468815
     0.469763
     0.470714
     0.471668
     0.472627
     0.473590
     0.474556
     0.475527
     0.476501
     0.477479
     0.478462
     0.479448
     0.480439
     0.481434
     0.482433
     0.483436
     0.484443
     0.485454
     0.486470
     0.487489
     0.488514
     0.489542
     0.490575
     0.491612
     0.492654
     0.493700
     0.494750
     0.495805
     0.496864
     0.497928
     0.498997
     0.500070
     0.501148
     0.502230
     0.503317
     0.504409
     0.505505
     0.506607
     0.507713
     0.508824
     0.509940
     0.511060
     0.512186
     0.513317
     0.514452
     0.515593
     0.516739
     0.517890
     0.519046
     0.520207
     0.521373
     0.522545
     0.523722
     0.524904
     0.526092
     0.527285
     0.528483
     0.529687
     0.530896
     0.532111
     0.533331
     0.534557
     0.535789
     0.537027
     0.538270
     0.539519
     0.540773
     0.542034
     0.543300
     0.544573
     0.545851
     0.547135
     0.548426
     0.549722
     0.551025
     0.552334
     0.553649
     0.554970
     0.556298
     0.557632
     0.558972
     0.560319
     0.561673
     0.563033
     0.564399
     0.565772
     0.567152
     0.568539
     0.569933
     0.571333
     0.572740
     0.574154
     0.575575
     0.577004
     0.578439
     0.579881
     0.581331
     0.582788
     0.584252
     0.585724
     0.587203
     0.588690
     0.590184
     0.591686
     0.593195
     0.594712
     0.596237
     0.597770
     0.599311
     0.600859
     0.602416
     0.603980
     0.605553
     0.607134
     0.608724
     0.610321
     0.611928
     0.613542
     0.615165
     0.616797
     0.618437
     0.620087
     0.621745
     0.623411
     0.625087
     0.626772
     0.628466
     0.630169
     0.631882
     0.633603
     0.635335
     0.637075
     0.638825
     0.640585
     0.642355
     0.644134
     0.645924
     0.647723
     0.649532
     0.651351
     0.653181
     0.655021
     0.656871
     0.658732
     0.660604
     0.662486
     0.664379
     0.666282
     0.668197
     0.670122
     0.672059
     0.674007
     0.675967
     0.677937
     0.679920
     0.681913
     0.683919
     0.685937
     0.687966
     0.690007
     0.692061
     0.694127
     0.696205
     0.698296
     0.700399
     0.702515
     0.704644
     0.706786
     0.708940
     0.711109
     0.713290
     0.715485
     0.717693
     0.719915
     0.722151
     0.724400
     0.726664
     0.728942
     0.731234
     0.733541
     0.735862
     0.738198
     0.740549
     0.742915
     0.745296
     0.747693
     0.750105
     0.752532
     0.754976
     0.757435
     0.759910
     0.762402
     0.764909
     0.767434
     0.769975
     0.772533
     0.775108
     0.777701
     0.780310
     0.782938
     0.785583
     0.788246
     0.790927
     0.793626
     0.796344
     0.799081
     0.801836
     0.804611
     0.807404
     0.810218
     0.813051
     0.815903
     0.818776
     0.821670
     0.824583
     0.827518
     0.830473
     0.833450
     0.836448
     0.839467
     0.842509
     0.845573
     0.848659
     0.851767
     0.854899
     0.858053
     0.861231
     0.864433
     0.867659
     0.870908
     0.874182
     0.877481
     0.880805
     0.884154
     0.887529
     0.890929
     0.894356
     0.897809
     0.901289
     0.904796
     0.908330
     0.911892
     0.915482
     0.919101
     0.922748
     0.926424
     0.930130
     0.933865
     0.937631
     0.941427
     0.945254
     0.949112
     0.953002
     0.956924
     0.960878
     0.964865
     0.968885
     0.972939
     0.977027
     0.981150
     0.985307
     0.989500
     0.993729
     0.997993
     1.002295
     1.006634
     1.011011
     1.015426
     1.019879
     1.024372
     1.028905
     1.033478
     1.038091
     1.042747
     1.047444
     1.052183
     1.056966
     1.061792
     1.066663
     1.071578
     1.076539
     1.081546
     1.086600
     1.091702
     1.096851
     1.102050
     1.107298
     1.112596
     1.117945
     1.123345
     1.128798
     1.134305
     1.139865
     1.145480
     1.151151
     1.156878
     1.162662
     1.168505
     1.174406
     1.180368
     1.186390
     1.192474
     1.198621
     1.204832
     1.211107
     1.217448
     1.223855
     1.230331
     1.236875
     1.243489
     1.250175
     1.256932
     1.263763
     1.270669
     1.277651
     1.284710
     1.291847
     1.299064
     1.306362
     1.313743
     1.321207
     1.328757
     1.336394
     1.344118
     1.351933
     1.359839
     1.367838
     1.375932
     1.384122
     1.392410
     1.400798
     1.409288
     1.417881
     1.426580
     1.435386
     1.444301
     1.453328
     1.462468
     1.471725
     1.481099
     1.490593
     1.500210
     1.509951
     1.519820
     1.529819
     1.539950
     1.550217
     1.560621
     1.571165
     1.581854
     1.592688
     1.603672
     1.614809
     1.626101
     1.637553
     1.649167
     1.660946
     1.672896
     1.685018
     1.697317
     1.709798
     1.722463
     1.735317
     1.748365
     1.761610
     1.775057
     1.788711
     1.802577
     1.816660
     1.830964
     1.845496
     1.860260
     1.875262
     1.890508
     1.906004
     1.921756
     1.937771
     1.954054
     1.970614
     1.987457
     2.004590
     2.022022
     2.039759
     2.057810
     2.076183
     2.094887
     2.113932
     2.133326
     2.153079
     2.173201
     2.193703
     2.214595
     2.235889
     2.257597
     2.279730
     2.302302
     2.325325
     2.348813
     2.372780
     2.397242
     2.422213
     2.447710
     2.473750
     2.500349
     2.527527
     2.555302
     2.583694
     2.612724
     2.642415
     2.672787
     2.703866
     2.735676
     2.768244
     2.801596
     2.835762
     2.870771
     2.906656
     2.943449
     2.981186
     3.019902
     3.059638
     3.100433
     3.142331
     3.185376
     3.229618
     3.275105
     3.321893
     3.370036
     3.419595
     3.470634
     3.523219
     3.577423
     3.633320
     3.690992
     3.750524
     3.812008
     3.875541
     3.941228
     4.009181
     4.079517
     4.152366
     4.227863
     4.306157
     4.387405
     4.471778
     4.559460
     4.650650
     4.745561
     4.844427
     4.947500
     5.055054
     5.167388
     5.284829
     5.407732
     5.536488
     5.671524
     5.813312
     5.962371
     6.119276
     6.284662
     6.459236
     6.643785
     6.839191
     7.046439
     7.266640
     7.501048
     7.751083
     8.018361
     8.304731
     8.612314
     8.943557
     9.301299
     9.688853
    10.110108
    10.569658
    11.072975
    11.626624
    12.238552
    12.918471
    13.678381
    14.533280
    15.502165
    16.609463
    17.887114
    19.377707
    21.139316
    23.253248
    25.836942
    29.066560
    33.218926
    38.755413
    46.506496
    58.133120
    77.510827
   116.266240
   232.532480
