     0.227082
     0.227973
     0.228871
     0.229775
     0.230687
     0.231606
     0.232532
     0.233466
     0.234408
     0.235357
     0.236313
     0.237278
     0.238250
     0.239231
     0.240220
     0.241216
     0.242221
     0.243235
     0.244257
     0.245287
     0.246327
     0.247375
     0.248432
     0.249498
     0.250574
     0.251659
     0.252753
     0.253856
     0.254970
     0.256093
     0.257226
     0.258369
     0.259523
     0.260687
     0.261861
     0.263046
     0.264241
     0.265448
     0.266666
     0.267895
     0.269135
     0.270387
     0.271650
     0.272925
     0.274213
     0.275512
     0.276824
     0.278149
     0.279486
     0.280836
     0.282200
     0.283576
     0.284966
     0.286370
     0.287788
     0.289220
     0.290666
     0.292126
     0.293602
     0.295092
     0.296598
     0.298119
     0.299655
     0.301208
     0.302777
     0.304362
     0.305964
     0.307583
     0.309219
     0.310872
     0.312544
     0.314233
     0.315941
     0.317667
     0.319413
     0.321177
     0.322962
     0.324766
     0.326591
     0.328436
     0.330302
     0.332189
     0.334098
     0.336030
     0.337983
     0.339960
     0.341960
     0.343983
     0.346030
     0.348103
     0.350200
     0.352322
     0.354470
     0.356645
     0.358846
     0.361075
     0.363332
     0.365617
     0.367931
     0.370275
     0.372648
     0.375052
     0.377488
     0.379955
     0.382455
     0.384988
     0.387554
     0.390155
     0.392791
     0.395463
     0.398172
     0.400918
     0.403702
     0.406525
     0.409388
     0.412292
     0.415237
     0.418224
     0.421254
     0.424329
     0.427449
     0.430616
     0.433829
     0.437091
     0.440402
     0.443764
     0.447178
     0.450644
     0.454165
     0.457741
     0.461374
     0.465065
     0.468815
     0.472627
     0.476501
     0.480439
     0.484443
     0.488514
     0.492654
     0.496864
     0.501148
     0.505505
     0.509940
     0.514452
     0.519046
     0.523722
     0.528483
     0.533331
     0.538270
     0.543300
     0.548426
     0.553649
     0.558972
     0.564399
     0.569933
     0.575575
     0.581331
     0.587203
     0.593195
     0.599311
     0.605553
     0.611928
     0.618437
     0.625087
     0.631882
     0.638825
     0.645924
     0.653181
     0.660604
     0.668197
     0.675967
     0.683919
     0.692061
     0.700399
     0.708940
     0.717693
     0.726664
     0.735862
     0.745296
     0.754976
     0.764909
     0.775108
     0.785583
     0.796344
     0.807404
     0.818776
     0.830473
     0.842509
     0.854899
     0.867659
     0.880805
     0.894356
     0.908330
     0.922748
     0.937631
     0.953002
     0.968885
     0.985307
     1.002295
     1.019879
     1.038091
     1.056966
     1.076539
     1.096851
     1.117945
     1.139865
     1.162662
     1.186390
     1.211107
     1.236875
     1.263763
     1.291847
     1.321207
     1.351933
     1.384122
     1.417881
     1.453328
     1.490593
     1.529819
     1.571165
     1.614809
     1.660946
     1.709798
     1.761610
     1.816660
     1.875262
     1.937771
     2.004590
     2.076183
     2.153079
     2.235889
     2.325325
     2.422213
     2.527527
     2.642415
     2.768244
     2.906656
     3.059638
     3.229618
     3.419595
     3.633320
     3.875541
     4.152366
     4.471778
     4.844427
     5.284829
     5.813312
     6.459236
     7.266640
     8.304731
     9.688853
    11.626624
    14.533280
    19.377707
    29.066560
    58.133120
