     0.227082
     0.227193
     0.227304
     0.227416
     0.227527
     0.227638
     0.227750
     0.227861
     0.227973
     0.228085
     0.228197
     0.228309
     0.228421
     0.228533
     0.228646
     0.228758
     0.228871
     0.228983
     0.229096
     0.229209
     0.229322
     0.229435
     0.229548
     0.229662
     0.229775
     0.229889
     0.230002
     0.230116
     0.230230
     0.230344
     0.230458
     0.230573
     0.230687
     0.230801
     0.230916
     0.231031
     0.231146
     0.231261
     0.231376
     0.231491
     0.231606
     0.231721
     0.231837
     0.231953
     0.232068
     0.232184
     0.232300
     0.232416
     0.232532
     0.232649
     0.232765
     0.232882
     0.232998
     0.233115
     0.233232
     0.233349
     0.233466
     0.233584
     0.233701
     0.233818
     0.233936
     0.234054
     0.234172
     0.234290
     0.234408
     0.234526
     0.234644
     0.234763
     0.234881
     0.235000
     0.235119
     0.235238
     0.235357
     0.235476
     0.235595
     0.235715
     0.235834
     0.235954
     0.236074
     0.236193
     0.236313
     0.236434
     0.236554
     0.236674
     0.236795
     0.236915
     0.237036
     0.237157
     0.237278
     0.237399
     0.237520
     0.237642
     0.237763
     0.237885
     0.238007
     0.238128
     0.238250
     0.238373
     0.238495
     0.238617
     0.238740
     0.238862
     0.238985
     0.239108
     0.239231
     0.239354
     0.239477
     0.239601
     0.239724
     0.239848
     0.239972
     0.240095
     0.240220
     0.240344
     0.240468
     0.240592
     0.240717
     0.240842
     0.240966
     0.241091
     0.241216
     0.241341
     0.241467
     0.241592
     0.241718
     0.241843
     0.241969
     0.242095
     0.242221
     0.242348
     0.242474
     0.242600
     0.242727
     0.242854
     0.242981
     0.243108
     0.243235
     0.243362
     0.243490
     0.243617
     0.243745
     0.243873
     0.244001
     0.244129
     0.244257
     0.244385
     0.244514
     0.244642
     0.244771
     0.244900
     0.245029
     0.245158
     0.245287
     0.245417
     0.245546
     0.245676
     0.245806
     0.245936
     0.246066
     0.246196
     0.246327
     0.246457
     0.246588
     0.246719
     0.246850
     0.246981
     0.247112
     0.247243
     0.247375
     0.247507
     0.247638
     0.247770
     0.247902
     0.248035
     0.248167
     0.248299
     0.248432
     0.248565
     0.248698
     0.248831
     0.248964
     0.249097
     0.249231
     0.249365
     0.249498
     0.249632
     0.249766
     0.249901
     0.250035
     0.250169
     0.250304
     0.250439
     0.250574
     0.250709
     0.250844
     0.250979
     0.251115
     0.251251
     0.251386
     0.251522
     0.251659
     0.251795
     0.251931
     0.252068
     0.252204
     0.252341
     0.252478
     0.252615
     0.252753
     0.252890
     0.253028
     0.253165
     0.253303
     0.253441
     0.253580
     0.253718
     0.253856
     0.253995
     0.254134
     0.254273
     0.254412
     0.254551
     0.254691
     0.254830
     0.254970
     0.255110
     0.255250
     0.255390
     0.255530
     0.255671
     0.255811
     0.255952
     0.256093
     0.256234
     0.256375
     0.256517
     0.256658
     0.256800
     0.256942
     0.257084
     0.257226
     0.257369
     0.257511
     0.257654
     0.257797
     0.257940
     0.258083
     0.258226
     0.258369
     0.258513
     0.258657
     0.258801
     0.258945
     0.259089
     0.259234
     0.259378
     0.259523
     0.259668
     0.259813
     0.259958
     0.260103
     0.260249
     0.260395
     0.260541
     0.260687
     0.260833
     0.260979
     0.261126
     0.261272
     0.261419
     0.261566
     0.261714
     0.261861
     0.262008
     0.262156
     0.262304
     0.262452
     0.262600
     0.262749
     0.262897
     0.263046
     0.263195
     0.263344
     0.263493
     0.263642
     0.263792
     0.263942
     0.264091
     0.264241
     0.264392
     0.264542
     0.264693
     0.264843
     0.264994
     0.265145
     0.265297
     0.265448
     0.265600
     0.265751
     0.265903
     0.266055
     0.266208
     0.266360
     0.266513
     0.266666
     0.266819
     0.266972
     0.267125
     0.267279
     0.267432
     0.267586
     0.267740
     0.267895
     0.268049
     0.268204
     0.268358
     0.268513
     0.268668
     0.268824
     0.268979
     0.269135
     0.269291
     0.269447
     0.269603
     0.269759
     0.269916
     0.270073
     0.270229
     0.270387
     0.270544
     0.270701
     0.270859
     0.271017
     0.271175
     0.271333
     0.271492
     0.271650
     0.271809
     0.271968
     0.272127
     0.272286
     0.272446
     0.272605
     0.272765
     0.272925
     0.273086
     0.273246
     0.273407
     0.273568
     0.273729
     0.273890
     0.274051
     0.274213
     0.274375
     0.274537
     0.274699
     0.274861
     0.275024
     0.275186
     0.275349
     0.275512
     0.275676
     0.275839
     0.276003
     0.276167
     0.276331
     0.276495
     0.276660
     0.276824
     0.276989
     0.277154
     0.277320
     0.277485
     0.277651
     0.277817
     0.277983
     0.278149
     0.278315
     0.278482
     0.278649
     0.278816
     0.278983
     0.279151
     0.279318
     0.279486
     0.279654
     0.279822
     0.279991
     0.280160
     0.280328
     0.280498
     0.280667
     0.280836
     0.281006
     0.281176
     0.281346
     0.281516
     0.281687
     0.281858
     0.282028
     0.282200
     0.282371
     0.282543
     0.282714
     0.282886
     0.283058
     0.283231
     0.283403
     0.283576
     0.283749
     0.283922
     0.284096
     0.284270
     0.284443
     0.284617
     0.284792
     0.284966
     0.285141
     0.285316
     0.285491
     0.285666
     0.285842
     0.286018
     0.286194
     0.286370
     0.286546
     0.286723
     0.286900
     0.287077
     0.287254
     0.287432
     0.287610
     0.287788
     0.287966
     0.288144
     0.288323
     0.288502
     0.288681
     0.288860
     0.289040
     0.289220
     0.289399
     0.289580
     0.289760
     0.289941
     0.290122
     0.290303
     0.290484
     0.290666
     0.290847
     0.291029
     0.291212
     0.291394
     0.291577
     0.291760
     0.291943
     0.292126
     0.292310
     0.292494
     0.292678
     0.292862
     0.293047
     0.293231
     0.293416
     0.293602
     0.293787
     0.293973
     0.294159
     0.294345
     0.294531
     0.294718
     0.294905
     0.295092
     0.295279
     0.295467
     0.295655
     0.295843
     0.296031
     0.296220
     0.296409
     0.296598
     0.296787
     0.296976
     0.297166
     0.297356
     0.297546
     0.297737
     0.297928
     0.298119
     0.298310
     0.298501
     0.298693
     0.298885
     0.299077
     0.299270
     0.299462
     0.299655
     0.299848
     0.300042
     0.300236
     0.300430
     0.300624
     0.300818
     0.301013
     0.301208
     0.301403
     0.301599
     0.301794
     0.301990
     0.302186
     0.302383
     0.302580
     0.302777
     0.302974
     0.303171
     0.303369
     0.303567
     0.303765
     0.303964
     0.304163
     0.304362
     0.304561
     0.304761
     0.304961
     0.305161
     0.305361
     0.305562
     0.305763
     0.305964
     0.306165
     0.306367
     0.306569
     0.306771
     0.306974
     0.307176
     0.307379
     0.307583
     0.307786
     0.307990
     0.308194
     0.308399
     0.308603
     0.308808
     0.309013
     0.309219
     0.309424
     0.309630
     0.309837
     0.310043
     0.310250
     0.310457
     0.310665
     0.310872
     0.311080
     0.311288
     0.311497
     0.311706
     0.311915
     0.312124
     0.312334
     0.312544
     0.312754
     0.312964
     0.313175
     0.313386
     0.313597
     0.313809
     0.314021
     0.314233
     0.314446
     0.314658
     0.314871
     0.315085
     0.315298
     0.315512
     0.315726
     0.315941
     0.316156
     0.316371
     0.316586
     0.316802
     0.317018
     0.317234
     0.317450
     0.317667
     0.317884
     0.318102
     0.318320
     0.318538
     0.318756
     0.318975
     0.319194
     0.319413
     0.319632
     0.319852
     0.320072
     0.320293
     0.320513
     0.320734
     0.320956
     0.321177
     0.321399
     0.321622
     0.321844
     0.322067
     0.322290
     0.322514
     0.322738
     0.322962
     0.323186
     0.323411
     0.323636
     0.323861
     0.324087
     0.324313
     0.324539
     0.324766
     0.324993
     0.325220
     0.325448
     0.325676
     0.325904
     0.326133
     0.326361
     0.326591
     0.326820
     0.327050
     0.327280
     0.327511
     0.327741
     0.327972
     0.328204
     0.328436
     0.328668
     0.328900
     0.329133
     0.329366
     0.329600
     0.329833
     0.330067
     0.330302
     0.330537
     0.330772
     0.331007
     0.331243
     0.331479
     0.331715
     0.331952
     0.332189
     0.332427
     0.332664
     0.332903
     0.333141
     0.333380
     0.333619
     0.333859
     0.334098
     0.334339
     0.334579
     0.334820
     0.335061
     0.335303
     0.335545
     0.335787
     0.336030
     0.336273
     0.336516
     0.336760
     0.337004
     0.337248
     0.337493
     0.337738
     0.337983
     0.338229
     0.338475
     0.338722
     0.338969
     0.339216
     0.339463
     0.339711
     0.339960
     0.340208
     0.340458
     0.340707
     0.340957
     0.341207
     0.341457
     0.341708
     0.341960
     0.342211
     0.342463
     0.342716
     0.342968
     0.343221
     0.343475
     0.343729
     0.343983
     0.344238
     0.344493
     0.344748
     0.345004
     0.345260
     0.345516
     0.345773
     0.346030
     0.346288
     0.346546
     0.346805
     0.347063
     0.347323
     0.347582
     0.347842
     0.348103
     0.348363
     0.348624
     0.348886
     0.349148
     0.349410
     0.349673
     0.349936
     0.350200
     0.350463
     0.350728
     0.350992
     0.351258
     0.351523
     0.351789
     0.352055
     0.352322
     0.352589
     0.352857
     0.353124
     0.353393
     0.353662
     0.353931
     0.354200
     0.354470
     0.354741
     0.355011
     0.355283
     0.355554
     0.355826
     0.356099
     0.356372
     0.356645
     0.356919
     0.357193
     0.357467
     0.357742
     0.358018
     0.358293
     0.358570
     0.358846
     0.359124
     0.359401
     0.359679
     0.359957
     0.360236
     0.360515
     0.360795
     0.361075
     0.361356
     0.361637
     0.361918
     0.362200
     0.362482
     0.362765
     0.363048
     0.363332
     0.363616
     0.363901
     0.364186
     0.364471
     0.364757
     0.365043
     0.365330
     0.365617
     0.365905
     0.366193
     0.366481
     0.366770
     0.367060
     0.367350
     0.367640
     0.367931
     0.368222
     0.368514
     0.368806
     0.369099
     0.369392
     0.369686
     0.369980
     0.370275
     0.370570
     0.370865
     0.371161
     0.371458
     0.371755
     0.372052
     0.372350
     0.372648
     0.372947
     0.373246
     0.373546
     0.373846
     0.374147
     0.374448
     0.374750
     0.375052
     0.375355
     0.375658
     0.375962
     0.376266
     0.376571
     0.376876
     0.377182
     0.377488
     0.377794
     0.378102
     0.378409
     0.378717
     0.379026
     0.379335
     0.379645
     0.379955
     0.380266
     0.380577
     0.380889
     0.381201
     0.381514
     0.381827
     0.382140
     0.382455
     0.382770
     0.383085
     0.383401
     0.383717
     0.384034
     0.384351
     0.384669
     0.384988
     0.385307
     0.385626
     0.385946
     0.386267
     0.386588
     0.386909
     0.387231
     0.387554
     0.387877
     0.388201
     0.388525
     0.388850
     0.389176
     0.389502
     0.389828
     0.390155
     0.390483
     0.390811
     0.391140
     0.391469
     0.391799
     0.392129
     0.392460
     0.392791
     0.393123
     0.393456
     0.393789
     0.394123
     0.394457
     0.394792
     0.395127
     0.395463
     0.395800
     0.396137
     0.396475
     0.396813
     0.397152
     0.397491
     0.397831
     0.398172
     0.398513
     0.398855
     0.399197
     0.399540
     0.399884
     0.400228
     0.400573
     0.400918
     0.401264
     0.401611
     0.401958
     0.402305
     0.402654
     0.403003
     0.403352
     0.403702
     0.404053
     0.404404
     0.404756
     0.405109
     0.405462
     0.405816
     0.406170
     0.406525
     0.406881
     0.407237
     0.407594
     0.407952
     0.408310
     0.408669
     0.409028
     0.409388
     0.409749
     0.410110
     0.410472
     0.410835
     0.411198
     0.411562
     0.411926
     0.412292
     0.412657
     0.413024
     0.413391
     0.413759
     0.414127
     0.414496
     0.414866
     0.415237
     0.415608
     0.415979
     0.416352
     0.416725
     0.417099
     0.417473
     0.417848
     0.418224
     0.418600
     0.418977
     0.419355
     0.419734
     0.420113
     0.420493
     0.420873
     0.421254
     0.421636
     0.422019
     0.422402
     0.422786
     0.423171
     0.423556
     0.423943
     0.424329
     0.424717
     0.425105
     0.425494
     0.425884
     0.426274
     0.426665
     0.427057
     0.427449
     0.427843
     0.428237
     0.428631
     0.429027
     0.429423
     0.429820
     0.430217
     0.430616
     0.431015
     0.431415
     0.431815
     0.432217
     0.432619
     0.433021
     0.433425
     0.433829
     0.434234
     0.434640
     0.435047
     0.435454
     0.435862
     0.436271
     0.436681
     0.437091
     0.437502
     0.437914
     0.438327
     0.438741
     0.439155
     0.439570
     0.439986
     0.440402
     0.440820
     0.441238
     0.441657
     0.442077
     0.442498
     0.442919
     0.443341
     0.443764
     0.444188
     0.444613
     0.445038
     0.445465
     0.445892
     0.446320
     0.446748
     0.447178
     0.447608
     0.448039
     0.448472
     0.448904
     0.449338
     0.449773
     0.450208
     0.450644
     0.451081
     0.451519
     0.451958
     0.452398
     0.452838
     0.453280
     0.453722
     0.454165
     0.454609
     0.455054
     0.455499
     0.455946
     0.456393
     0.456842
     0.457291
     0.457741
     0.458192
     0.458644
     0.459097
     0.459550
     0.460005
     0.460460
     0.460917
     0.461374
     0.461832
     0.462291
     0.462751
     0.463212
     0.463674
     0.464137
     0.464600
     0.465065
     0.465530
     0.465997
     0.466464
     0.466933
     0.467402
     0.467872
     0.468343
     0.468815
     0.469289
     0.469763
     0.470238
     0.470714
     0.471190
     0.471668
     0.472147
     0.472627
     0.473108
     0.473590
     0.474072
     0.474556
     0.475041
     0.475527
     0.476013
     0.476501
     0.476990
     0.477479
     0.477970
     0.478462
     0.478955
     0.479448
     0.479943
     0.480439
     0.480936
     0.481434
     0.481933
     0.482433
     0.482933
     0.483436
     0.483939
     0.484443
     0.484948
     0.485454
     0.485961
     0.486470
     0.486979
     0.487489
     0.488001
     0.488514
     0.489027
     0.489542
     0.490058
     0.490575
     0.491093
     0.491612
     0.492132
     0.492654
     0.493176
     0.493700
     0.494224
     0.494750
     0.495277
     0.495805
     0.496334
     0.496864
     0.497396
     0.497928
     0.498462
     0.498997
     0.499533
     0.500070
     0.500608
     0.501148
     0.501688
     0.502230
     0.502773
     0.503317
     0.503862
     0.504409
     0.504957
     0.505505
     0.506055
     0.506607
     0.507159
     0.507713
     0.508268
     0.508824
     0.509381
     0.509940
     0.510499
     0.511060
     0.511623
     0.512186
     0.512751
     0.513317
     0.513884
     0.514452
     0.515022
     0.515593
     0.516165
     0.516739
     0.517314
     0.517890
     0.518467
     0.519046
     0.519626
     0.520207
     0.520789
     0.521373
     0.521958
     0.522545
     0.523133
     0.523722
     0.524312
     0.524904
     0.525497
     0.526092
     0.526687
     0.527285
     0.527883
     0.528483
     0.529084
     0.529687
     0.530291
     0.530896
     0.531503
     0.532111
     0.532720
     0.533331
     0.533944
     0.534557
     0.535173
     0.535789
     0.536407
     0.537027
     0.537647
     0.538270
     0.538893
     0.539519
     0.540145
     0.540773
     0.541403
     0.542034
     0.542666
     0.543300
     0.543936
     0.544573
     0.545211
     0.545851
     0.546492
     0.547135
     0.547780
     0.548426
     0.549073
     0.549722
     0.550373
     0.551025
     0.551678
     0.552334
     0.552990
     0.553649
     0.554309
     0.554970
     0.555633
     0.556298
     0.556964
     0.557632
     0.558301
     0.558972
     0.559645
     0.560319
     0.560995
     0.561673
     0.562352
     0.563033
     0.563715
     0.564399
     0.565085
     0.565772
     0.566462
     0.567152
     0.567845
     0.568539
     0.569235
     0.569933
     0.570632
     0.571333
     0.572036
     0.572740
     0.573446
     0.574154
     0.574864
     0.575575
     0.576289
     0.577004
     0.577720
     0.578439
     0.579159
     0.579881
     0.580605
     0.581331
     0.582059
     0.582788
     0.583519
     0.584252
     0.584987
     0.585724
     0.586463
     0.587203
     0.587946
     0.588690
     0.589436
     0.590184
     0.590934
     0.591686
     0.592439
     0.593195
     0.593953
     0.594712
     0.595474
     0.596237
     0.597003
     0.597770
     0.598539
     0.599311
     0.600084
     0.600859
     0.601636
     0.602416
     0.603197
     0.603980
     0.604766
     0.605553
     0.606343
     0.607134
     0.607928
     0.608724
     0.609522
     0.610321
     0.611123
     0.611928
     0.612734
     0.613542
     0.614353
     0.615165
     0.615980
     0.616797
     0.617616
     0.618437
     0.619261
     0.620087
     0.620914
     0.621745
     0.622577
     0.623411
     0.624248
     0.625087
     0.625929
     0.626772
     0.627618
     0.628466
     0.629317
     0.630169
     0.631024
     0.631882
     0.632741
     0.633603
     0.634468
     0.635335
     0.636204
     0.637075
     0.637949
     0.638825
     0.639704
     0.640585
     0.641469
     0.642355
     0.643243
     0.644134
     0.645028
     0.645924
     0.646822
     0.647723
     0.648626
     0.649532
     0.650441
     0.651351
     0.652265
     0.653181
     0.654100
     0.655021
     0.655945
     0.656871
     0.657801
     0.658732
     0.659667
     0.660604
     0.661543
     0.662486
     0.663431
     0.664379
     0.665329
     0.666282
     0.667238
     0.668197
     0.669158
     0.670122
     0.671089
     0.672059
     0.673032
     0.674007
     0.674985
     0.675967
     0.676950
     0.677937
     0.678927
     0.679920
     0.680915
     0.681913
     0.682915
     0.683919
     0.684926
     0.685937
     0.686950
     0.687966
     0.688985
     0.690007
     0.691033
     0.692061
     0.693092
     0.694127
     0.695164
     0.696205
     0.697249
     0.698296
     0.699346
     0.700399
     0.701455
     0.702515
     0.703578
     0.704644
     0.705713
     0.706786
     0.707861
     0.708940
     0.710023
     0.711109
     0.712197
     0.713290
     0.714385
     0.715485
     0.716587
     0.717693
     0.718802
     0.719915
     0.721031
     0.722151
     0.723274
     0.724400
     0.725530
     0.726664
     0.727801
     0.728942
     0.730086
     0.731234
     0.732386
     0.733541
     0.734700
     0.735862
     0.737028
     0.738198
     0.739372
     0.740549
     0.741730
     0.742915
     0.744104
     0.745296
     0.746493
     0.747693
     0.748897
     0.750105
     0.751317
     0.752532
     0.753752
     0.754976
     0.756203
     0.757435
     0.758670
     0.759910
     0.761154
     0.762402
     0.763653
     0.764909
     0.766170
     0.767434
     0.768702
     0.769975
     0.771252
     0.772533
     0.773819
     0.775108
     0.776402
     0.777701
     0.779003
     0.780310
     0.781622
     0.782938
     0.784258
     0.785583
     0.786912
     0.788246
     0.789584
     0.790927
     0.792274
     0.793626
     0.794983
     0.796344
     0.797710
     0.799081
     0.800456
     0.801836
     0.803221
     0.804611
     0.806005
     0.807404
     0.808809
     0.810218
     0.811632
     0.813051
     0.814475
     0.815903
     0.817337
     0.818776
     0.820220
     0.821670
     0.823124
     0.824583
     0.826048
     0.827518
     0.828993
     0.830473
     0.831959
     0.833450
     0.834946
     0.836448
     0.837955
     0.839467
     0.840985
     0.842509
     0.844038
     0.845573
     0.847113
     0.848659
     0.850210
     0.851767
     0.853330
     0.854899
     0.856473
     0.858053
     0.859639
     0.861231
     0.862829
     0.864433
     0.866043
     0.867659
     0.869280
     0.870908
     0.872542
     0.874182
     0.875829
     0.877481
     0.879140
     0.880805
     0.882476
     0.884154
     0.885838
     0.887529
     0.889226
     0.890929
     0.892639
     0.894356
     0.896079
     0.897809
     0.899545
     0.901289
     0.903039
     0.904796
     0.906559
     0.908330
     0.910108
     0.911892
     0.913684
     0.915482
     0.917288
     0.919101
     0.920921
     0.922748
     0.924582
     0.926424
     0.928273
     0.930130
     0.931994
     0.933865
     0.935744
     0.937631
     0.939525
     0.941427
     0.943337
     0.945254
     0.947179
     0.949112
     0.951053
     0.953002
     0.954959
     0.956924
     0.958897
     0.960878
     0.962867
     0.964865
     0.966871
     0.968885
     0.970908
     0.972939
     0.974979
     0.977027
     0.979084
     0.981150
     0.983224
     0.985307
     0.987399
     0.989500
     0.991610
     0.993729
     0.995856
     0.997993
     1.000140
     1.002295
     1.004460
     1.006634
     1.008818
     1.011011
     1.013213
     1.015426
     1.017648
     1.019879
     1.022121
     1.024372
     1.026633
     1.028905
     1.031186
     1.033478
     1.035779
     1.038091
     1.040414
     1.042747
     1.045090
     1.047444
     1.049808
     1.052183
     1.054569
     1.056966
     1.059373
     1.061792
     1.064222
     1.066663
     1.069115
     1.071578
     1.074053
     1.076539
     1.079037
     1.081546
     1.084068
     1.086600
     1.089145
     1.091702
     1.094270
     1.096851
     1.099444
     1.102050
     1.104667
     1.107298
     1.109940
     1.112596
     1.115264
     1.117945
     1.120638
     1.123345
     1.126065
     1.128798
     1.131545
     1.134305
     1.137078
     1.139865
     1.142666
     1.145480
     1.148309
     1.151151
     1.154007
     1.156878
     1.159763
     1.162662
     1.165576
     1.168505
     1.171448
     1.174406
     1.177380
     1.180368
     1.183371
     1.186390
     1.189424
     1.192474
     1.195540
     1.198621
     1.201718
     1.204832
     1.207961
     1.211107
     1.214269
     1.217448
     1.220643
     1.223855
     1.227084
     1.230331
     1.233594
     1.236875
     1.240173
     1.243489
     1.246823
     1.250175
     1.253544
     1.256932
     1.260339
     1.263763
     1.267207
     1.270669
     1.274151
     1.277651
     1.281171
     1.284710
     1.288269
     1.291847
     1.295446
     1.299064
     1.302703
     1.306362
     1.310042
     1.313743
     1.317464
     1.321207
     1.324971
     1.328757
     1.332564
     1.336394
     1.340245
     1.344118
     1.348014
     1.351933
     1.355875
     1.359839
     1.363827
     1.367838
     1.371873
     1.375932
     1.380015
     1.384122
     1.388254
     1.392410
     1.396591
     1.400798
     1.405030
     1.409288
     1.413571
     1.417881
     1.422217
     1.426580
     1.430969
     1.435386
     1.439830
     1.444301
     1.448800
     1.453328
     1.457884
     1.462468
     1.467082
     1.471725
     1.476397
     1.481099
     1.485831
     1.490593
     1.495386
     1.500210
     1.505065
     1.509951
     1.514870
     1.519820
     1.524803
     1.529819
     1.534868
     1.539950
     1.545066
     1.550217
     1.555401
     1.560621
     1.565875
     1.571165
     1.576491
     1.581854
     1.587252
     1.592688
     1.598161
     1.603672
     1.609221
     1.614809
     1.620435
     1.626101
     1.631807
     1.637553
     1.643339
     1.649167
     1.655035
     1.660946
     1.666899
     1.672896
     1.678935
     1.685018
     1.691145
     1.697317
     1.703535
     1.709798
     1.716107
     1.722463
     1.728866
     1.735317
     1.741816
     1.748365
     1.754962
     1.761610
     1.768308
     1.775057
     1.781858
     1.788711
     1.795618
     1.802577
     1.809591
     1.816660
     1.823784
     1.830964
     1.838201
     1.845496
     1.852848
     1.860260
     1.867731
     1.875262
     1.882854
     1.890508
     1.898224
     1.906004
     1.913848
     1.921756
     1.929730
     1.937771
     1.945878
     1.954054
     1.962299
     1.970614
     1.979000
     1.987457
     1.995987
     2.004590
     2.013268
     2.022022
     2.030851
     2.039759
     2.048744
     2.057810
     2.066955
     2.076183
     2.085493
     2.094887
     2.104366
     2.113932
     2.123584
     2.133326
     2.143156
     2.153079
     2.163093
     2.173201
     2.183404
     2.193703
     2.204099
     2.214595
     2.225191
     2.235889
     2.246691
     2.257597
     2.268610
     2.279730
     2.290960
     2.302302
     2.313756
     2.325325
     2.337010
     2.348813
     2.360736
     2.372780
     2.384949
     2.397242
     2.409663
     2.422213
     2.434895
     2.447710
     2.460661
     2.473750
     2.486978
     2.500349
     2.513865
     2.527527
     2.541339
     2.555302
     2.569420
     2.583694
     2.598128
     2.612724
     2.627486
     2.642415
     2.657514
     2.672787
     2.688237
     2.703866
     2.719678
     2.735676
     2.751864
     2.768244
     2.784820
     2.801596
     2.818576
     2.835762
     2.853159
     2.870771
     2.888602
     2.906656
     2.924937
     2.943449
     2.962197
     2.981186
     3.000419
     3.019902
     3.039640
     3.059638
     3.079900
     3.100433
     3.121241
     3.142331
     3.163707
     3.185376
     3.207345
     3.229618
     3.252203
     3.275105
     3.298333
     3.321893
     3.345791
     3.370036
     3.394635
     3.419595
     3.444926
     3.470634
     3.496729
     3.523219
     3.550114
     3.577423
     3.605155
     3.633320
     3.661929
     3.690992
     3.720520
     3.750524
     3.781016
     3.812008
     3.843512
     3.875541
     3.908109
     3.941228
     3.974914
     4.009181
     4.044043
     4.079517
     4.115619
     4.152366
     4.189774
     4.227863
     4.266651
     4.306157
     4.346401
     4.387405
     4.429190
     4.471778
     4.515194
     4.559460
     4.604604
     4.650650
     4.697626
     4.745561
     4.794484
     4.844427
     4.895421
     4.947500
     5.000698
     5.055054
     5.110604
     5.167388
     5.225449
     5.284829
     5.345574
     5.407732
     5.471352
     5.536488
     5.603192
     5.671524
     5.741543
     5.813312
     5.886898
     5.962371
     6.039805
     6.119276
     6.200866
     6.284662
     6.370753
     6.459236
     6.550211
     6.643785
     6.740072
     6.839191
     6.941268
     7.046439
     7.154846
     7.266640
     7.381983
     7.501048
     7.624016
     7.751083
     7.882457
     8.018361
     8.159034
     8.304731
     8.455727
     8.612314
     8.774811
     8.943557
     9.118921
     9.301299
     9.491122
     9.688853
     9.894999
    10.110108
    10.334777
    10.569658
    10.815464
    11.072975
    11.343048
    11.626624
    11.924743
    12.238552
    12.569323
    12.918471
    13.287570
    13.678381
    14.092878
    14.533280
    15.002095
    15.502165
    16.036723
    16.609463
    17.224628
    17.887114
    18.602598
    19.377707
    20.220216
    21.139316
    22.145950
    23.253248
    24.477103
    25.836942
    27.356762
    29.066560
    31.004331
    33.218926
    35.774228
    38.755413
    42.278633
    46.506496
    51.673884
    58.133120
    66.437851
    77.510827
    93.012992
   116.266240
   155.021653
   232.532480
   465.064960
