0.227082
0.230687
0.234408
0.238250
0.242221
0.246327
0.250574
0.254970
0.259523
0.264241
0.269135
0.274213
0.279486
0.284966
0.290666
0.296598
0.302777
0.309219
0.315941
0.322962
0.330302
0.337983
0.346030
0.354470
0.363332
0.372648
0.382455
0.392791
0.403702
0.415237
0.427449
0.440402
0.454165
0.468815
0.484443
0.501148
0.519046
0.538270
0.558972
0.581331
0.605553
0.631882
0.660604
0.692061
0.726664
0.764909
0.807404
0.854899
0.908330
0.968885
1.038091
1.117945
1.211107
1.321207
1.453328
1.614809
1.816660
2.076183
2.422213
2.906656
3.633320
4.844427
7.266640
14.533280
