0	456519195.3935203552246094	0.0000000000000000
1	456292711.7259506583213806	0.0000000000000000
2	456066050.8803300857543945	0.0000000000000000
3	455833618.2896012067794800	0.0000000000000000
4	455597734.3324682712554932	0.0000000000000000
5	455354121.6492912769317627	0.0000000000000000
6	455106678.5633190274238586	0.0000000000000000
7	454858576.1572392582893372	0.0000000000000000
8	454603708.5735800266265869	0.0000000000000000
9	454348688.4608554244041443	0.0000000000000000
10	454088408.9028210639953613	0.0000000000000000
11	453821627.6564476490020752	0.0000000000000000
12	453543569.2368378639221191	0.0000000000000000
13	453268327.6082748174667358	0.0000000000000000
14	452984058.3261464238166809	0.0000000000000000
15	452702251.9079248905181885	0.0000000000000000
16	452408271.2956510186195374	0.0000000000000000
17	452107184.9536027908325195	0.0000000000000000
18	451802988.9881181716918945	0.0000000000000000
19	451488692.7829298973083496	0.0000000000000000
20	451173414.4783762693405151	0.0000000000000000
21	450848075.3056105971336365	0.0000000000000000
22	450521390.9363100528717041	0.0000000000000000
23	450179889.6282523274421692	0.0000000000000000
24	449839916.4358488321304321	0.0000000000000000
25	449497762.7855235934257507	0.0000000000000000
26	449143191.4217512607574463	0.0000000000000000
27	448783551.4386163353919983	0.0000000000000000
28	448417201.6537150740623474	0.0000000000000000
29	448049313.8657355308532715	0.0000000000000000
30	447677631.2004551291465759	0.0000000000000000
31	447297067.7792809009552002	0.0000000000000000
32	446909522.3732430934906006	0.0000000000000000
33	446517236.6340287923812866	0.0000000000000000
34	446118798.4200857281684875	0.0000000000000000
35	445714608.4051558971405029	0.0000000000000000
36	445307856.6301488876342773	0.0000000000000000
37	444898675.9831504225730896	0.0000000000000000
38	444483334.3145544528961182	0.0000000000000000
39	444063781.3842607140541077	0.0000000000000000
40	443637254.4619302153587341	0.0000000000000000
41	443206675.7900565862655640	0.0000000000000000
42	442773351.2093624472618103	0.0000000000000000
43	442328071.3943491578102112	0.0000000000000000
44	441876727.4196168780326843	0.0000000000000000
45	441424925.4515998959541321	0.0000000000000000
46	440968696.3108302950859070	0.0000000000000000
47	440496183.8220785856246948	0.0000000000000000
48	440018849.3826851248741150	0.0000000000000000
49	439536472.5182384252548218	0.0000000000000000
50	439047012.1669717431068420	0.0000000000000000
51	438556662.9622123837471008	0.0000000000000000
52	438061809.3490061163902283	0.0000000000000000
53	437559784.5825896859169006	0.0000000000000000
54	437061631.9233433604240417	0.0000000000000000
55	436555738.8586489558219910	0.0000000000000000
56	436037498.0312011837959290	0.0000000000000000
57	435520523.5459110736846924	0.0000000000000000
58	435003035.8053818941116333	0.0000000000000000
59	434472168.5715622901916504	0.0000000000000000
60	433936043.9561432600021362	0.0000000000000000
61	433405738.3545513153076172	0.0000000000000000
62	432862478.2300860881805420	0.0000000000000000
63	432316229.6410166025161743	0.0000000000000000
64	431760046.2765572667121887	0.0000000000000000
65	431196583.1547119617462158	0.0000000000000000
66	430635915.2085356712341309	0.0000000000000000
67	430072833.4700036048889160	0.0000000000000000
68	429500764.8645865321159363	0.0000000000000000
69	428912058.4599731564521790	0.0000000000000000
70	428323741.2483884096145630	0.0000000000000000
71	427730057.7502799034118652	0.0000000000000000
72	427137223.3027762174606323	0.0000000000000000
73	426528146.4839305281639099	0.0000000000000000
74	425922686.5871943831443787	0.0000000000000000
75	425316490.4858211874961853	0.0000000000000000
76	424703349.0748289227485657	0.0000000000000000
77	424089802.1297133564949036	0.0000000000000000
78	423461692.6924165487289429	0.0000000000000000
79	422831215.1356157064437866	0.0000000000000000
80	422200120.0129631161689758	0.0000000000000000
81	421567030.7295230627059937	0.0000000000000000
82	420917135.2012525796890259	0.0000000000000000
83	420265593.7352226972579956	0.0000000000000000
84	419616457.8222776651382446	0.0000000000000000
85	418960600.9910307526588440	0.0000000000000000
86	418297647.1426112055778503	0.0000000000000000
87	417637497.8906219005584717	0.0000000000000000
88	416972004.6996218562126160	0.0000000000000000
89	416294203.5426731109619141	0.0000000000000000
90	415612649.4351035952568054	0.0000000000000000
91	414934960.2454706430435181	0.0000000000000000
92	414252998.1150644421577454	0.0000000000000000
93	413560641.0838769078254700	0.0000000000000000
94	412857290.4252583980560303	0.0000000000000000
95	412143154.8352578878402710	0.0000000000000000
96	411429446.2119312286376953	0.0000000000000000
97	410718273.0700647830963135	0.0000000000000000
98	409995453.3827525377273560	0.0000000000000000
99	409271632.1144962310791016	0.0000000000000000
100	408546385.9224061369895935	0.0000000000000000
101	407823469.7637387514114380	0.0000000000000000
102	407100784.5310381054878235	0.0000000000000000
103	406367571.6839917898178101	0.0000000000000000
104	405625759.1132097244262695	0.0000000000000000
105	404883632.1346940994262695	0.0000000000000000
106	404132776.5239974260330200	0.0000000000000000
107	403382040.6673805713653564	0.0000000000000000
108	402626530.9769394993782043	0.0000000000000000
109	401870890.0347865819931030	0.0000000000000000
110	401105037.1768837571144104	0.0000000000000000
111	400335824.1043558120727539	0.0000000000000000
112	399558483.8504695296287537	0.0000000000000000
113	398783209.0325003862380981	0.0000000000000000
114	398003258.3812657594680786	0.0000000000000000
115	397224867.5655449032783508	0.0000000000000000
116	396434269.0134903192520142	0.0000000000000000
117	395644418.9106364846229553	0.0000000000000000
118	394844975.2282809615135193	0.0000000000000000
119	394049307.9737128019332886	0.0000000000000000
120	393248453.8822759985923767	0.0000000000000000
121	392432633.3372684717178345	0.0000000000000000
122	391625307.5723657608032227	0.0000000000000000
123	390813226.9970202445983887	0.0000000000000000
124	389993926.7124891281127930	0.0000000000000000
125	389167084.2524746060371399	0.0000000000000000
126	388340314.7271786928176880	0.0000000000000000
127	387500983.1549057960510254	0.0000000000000000
128	386661671.4376939535140991	0.0000000000000000
129	385823557.4476749300956726	0.0000000000000000
130	384985248.5690459609031677	0.0000000000000000
131	384144067.5200101733207703	0.0000000000000000
132	383300402.1209721565246582	0.0000000000000000
133	382456252.4705783724784851	0.0000000000000000
134	381608478.5195427536964417	0.0000000000000000
135	380749329.1789109110832214	0.0000000000000000
136	379883690.3074011802673340	0.0000000000000000
137	379020054.8617153167724609	0.0000000000000000
138	378156225.5289362668991089	0.0000000000000000
139	377289101.1760048866271973	0.0000000000000000
140	376418739.9677472710609436	0.0000000000000000
141	375539719.1774119138717651	0.0000000000000000
142	374665562.9318999648094177	0.0000000000000000
143	373778930.4512919187545776	0.0000000000000000
144	372889639.9364978671073914	0.0000000000000000
145	371995902.4949429631233215	0.0000000000000000
146	371098776.2161995172500610	0.0000000000000000
147	370198912.3545939922332764	0.0000000000000000
148	369302047.5683656334877014	0.0000000000000000
149	368405481.4280048012733459	0.0000000000000000
150	367501852.3187417984008789	0.0000000000000000
151	366593619.6147929430007935	0.0000000000000000
152	365682482.6120167970657349	0.0000000000000000
153	364766554.3266420960426331	0.0000000000000000
154	363839713.6253077983856201	0.0000000000000000
155	362915800.7447686791419983	0.0000000000000000
156	361989925.7454299330711365	0.0000000000000000
157	361064391.6975691914558411	0.0000000000000000
158	360138554.9350315332412720	0.0000000000000000
159	359202025.9249689579010010	0.0000000000000000
160	358268522.8299387693405151	0.0000000000000000
161	357319514.5214224457740784	0.0000000000000000
162	356376502.9587510824203491	0.0000000000000000
163	355424775.3851351737976074	0.0000000000000000
164	354477906.7387913465499878	0.0000000000000000
165	353526221.7500055432319641	0.0000000000000000
166	352568483.0522426962852478	0.0000000000000000
167	351605658.3677440285682678	0.0000000000000000
168	350649280.6040353775024414	0.0000000000000000
169	349693586.9399326443672180	0.0000000000000000
170	348729869.8099772334098816	0.0000000000000000
171	347766559.1646547317504883	0.0000000000000000
172	346786256.4014359712600708	0.0000000000000000
173	345810381.7307789325714111	0.0000000000000000
174	344839196.0050186514854431	0.0000000000000000
175	343870958.5734782814979553	0.0000000000000000
176	342890193.6555213332176208	0.0000000000000000
177	341909727.0299943685531616	0.0000000000000000
178	340926120.2524586319923401	0.0000000000000000
179	339933667.5897114872932434	0.0000000000000000
180	338939291.2929468154907227	0.0000000000000000
181	337935587.3003665804862976	0.0000000000000000
182	336937203.5590625405311584	0.0000000000000000
183	335940193.9906779527664185	0.0000000000000000
184	334942900.4935801625251770	0.0000000000000000
185	333940252.9332061409950256	0.0000000000000000
186	332928102.4710400700569153	0.0000000000000000
187	331909770.9129368662834167	0.0000000000000000
188	330896177.7296043038368225	0.0000000000000000
189	329872351.2098459601402283	0.0000000000000000
190	328849077.0368474721908569	0.0000000000000000
191	327825029.7115526795387268	0.0000000000000000
192	326795679.1833223700523376	0.0000000000000000
193	325776584.6955040693283081	0.0000000000000000
194	324755509.6855276226997375	0.0000000000000000
195	323732624.9147650003433228	0.0000000000000000
196	322706891.5802034139633179	0.0000000000000000
197	321672605.9399445056915283	0.0000000000000000
198	320631785.1122699379920959	0.0000000000000000
199	319593949.0591732263565063	0.0000000000000000
200	318552435.4665752053260803	0.0000000000000000
201	317517591.2408753037452698	0.0000000000000000
202	316472287.0576425194740295	0.0000000000000000
203	315428885.3048032522201538	0.0000000000000000
204	314377651.7493182420730591	0.0000000000000000
205	313322330.8848767280578613	0.0000000000000000
206	312268139.7448070049285889	0.0000000000000000
207	311214370.0369046330451965	0.0000000000000000
208	310163224.4563786387443542	0.0000000000000000
209	309097812.3919225931167603	0.0000000000000000
210	308045166.2146130204200745	0.0000000000000000
211	306983689.6170542836189270	0.0000000000000000
212	305916763.1304946541786194	0.0000000000000000
213	304848781.0668613910675049	0.0000000000000000
214	303783399.5500142574310303	0.0000000000000000
215	302713412.6997120976448059	0.0000000000000000
216	301645767.8265885710716248	0.0000000000000000
217	300575817.6752243041992188	0.0000000000000000
218	299503405.4381314516067505	0.0000000000000000
219	298430453.4718103408813477	0.0000000000000000
220	297352781.7378253936767578	0.0000000000000000
221	296276033.9496423006057739	0.0000000000000000
222	295192110.9244628548622131	0.0000000000000000
223	294096037.6097301244735718	0.0000000000000000
224	293006440.5053455233573914	0.0000000000000000
225	291911976.2631877660751343	0.0000000000000000
226	290810749.1614159345626831	0.0000000000000000
227	289717666.5678408741950989	0.0000000000000000
228	288623932.7286887764930725	0.0000000000000000
229	287529895.9282156825065613	0.0000000000000000
230	286433252.7707808613777161	0.0000000000000000
231	285333341.7452626824378967	0.0000000000000000
232	284235137.4615290760993958	0.0000000000000000
233	283136087.8045869469642639	0.0000000000000000
234	282036973.4101907014846802	0.0000000000000000
235	280933077.8964611887931824	0.0000000000000000
236	279825123.8055655360221863	0.0000000000000000
237	278716747.4484983086585999	0.0000000000000000
238	277602111.7671241760253906	0.0000000000000000
239	276487505.6614314913749695	0.0000000000000000
240	275373677.0876206159591675	0.0000000000000000
241	274259901.5757939219474792	0.0000000000000000
242	273139141.3988661766052246	0.0000000000000000
243	272015927.0110347270965576	0.0000000000000000
244	270894447.0491943955421448	0.0000000000000000
245	269780193.2693398594856262	0.0000000000000000
246	268658577.0269038081169128	0.0000000000000000
247	267539729.4505312740802765	0.0000000000000000
248	266417042.1888600289821625	0.0000000000000000
249	265302870.4179868698120117	0.0000000000000000
250	264174373.6985596716403961	0.0000000000000000
251	263049931.4280025959014893	0.0000000000000000
252	261924275.2810635268688202	0.0000000000000000
253	260802057.1377900242805481	0.0000000000000000
254	259672113.4298701286315918	0.0000000000000000
255	258539303.7000343203544617	0.0000000000000000
256	257409906.1149086058139801	0.0000000000000000
257	256277609.8721069693565369	0.0000000000000000
258	255147065.5846525430679321	0.0000000000000000
259	254015740.3807049393653870	0.0000000000000000
260	252879386.2572026252746582	0.0000000000000000
261	251744907.7728237509727478	0.0000000000000000
262	250615255.8872525393962860	0.0000000000000000
263	249481250.4238185882568359	0.0000000000000000
264	248353861.2601105868816376	0.0000000000000000
265	247214432.4348040521144867	0.0000000000000000
266	246075704.4972993433475494	0.0000000000000000
267	244936666.2093086242675781	0.0000000000000000
268	243798113.0560071766376495	0.0000000000000000
269	242662990.5915894806385040	0.0000000000000000
270	241522503.5715063214302063	0.0000000000000000
271	240385856.2709372937679291	0.0000000000000000
272	239247200.8789858222007751	0.0000000000000000
273	238107267.1170705854892731	0.0000000000000000
274	236962218.9645687937736511	0.0000000000000000
275	235823027.6554019153118134	0.0000000000000000
276	234683992.6441614925861359	0.0000000000000000
277	233533255.6035372316837311	0.0000000000000000
278	232388918.9720213115215302	0.0000000000000000
279	231243890.2615290582180023	0.0000000000000000
280	230102017.9759793877601624	0.0000000000000000
281	228950389.4603527486324310	0.0000000000000000
282	227801467.4112446010112762	0.0000000000000000
283	226653828.1950970590114594	0.0000000000000000
284	225502054.9912157356739044	0.0000000000000000
285	224355292.0661281347274780	0.0000000000000000
286	223207061.7771205306053162	0.0000000000000000
287	222058618.2887493669986725	0.0000000000000000
288	220910142.4369735717773438	0.0000000000000000
289	219766392.1381987035274506	0.0000000000000000
290	218622770.6424612104892731	0.0000000000000000
291	217479815.4511464834213257	0.0000000000000000
292	216331438.9845529496669769	0.0000000000000000
293	215175811.3740433156490326	0.0000000000000000
294	214036374.5540664792060852	0.0000000000000000
295	212894970.3602546155452728	0.0000000000000000
296	211748668.8759808242321014	0.0000000000000000
297	210601755.9156900048255920	0.0000000000000000
298	209455509.5931118726730347	0.0000000000000000
299	208308738.3993029892444611	0.0000000000000000
300	207164057.5507674813270569	0.0000000000000000
301	206009206.5767134130001068	0.0000000000000000
302	204862061.7706073224544525	0.0000000000000000
303	203708754.4260933697223663	0.0000000000000000
304	202558266.3853255510330200	0.0000000000000000
305	201411921.3334142565727234	0.0000000000000000
306	200268227.2127468883991241	0.0000000000000000
307	199121370.7402820885181427	0.0000000000000000
308	197969995.6300358176231384	0.0000000000000000
309	196820361.7428830862045288	0.0000000000000000
310	195671190.6288475692272186	0.0000000000000000
311	194525201.6770294606685638	0.0000000000000000
312	193379019.2860672771930695	0.0000000000000000
313	192242173.4036547839641571	0.0000000000000000
314	191099933.7958625555038452	0.0000000000000000
315	189961553.1111541986465454	0.0000000000000000
316	188818057.8548171520233154	0.0000000000000000
317	187676063.5219379663467407	0.0000000000000000
318	186537295.2330612242221832	0.0000000000000000
319	185398980.3951272368431091	0.0000000000000000
320	184264006.0201183557510376	0.0000000000000000
321	183132218.2242205142974854	0.0000000000000000
322	181995896.6722304224967957	0.0000000000000000
323	180861746.3125455677509308	0.0000000000000000
324	179733108.0073474347591400	0.0000000000000000
325	178599227.9824334681034088	0.0000000000000000
326	177465914.0527828931808472	0.0000000000000000
327	176341550.0943991243839264	0.0000000000000000
328	175219468.4714854061603546	0.0000000000000000
329	174087412.8762924373149872	0.0000000000000000
330	172965816.7129081785678864	0.0000000000000000
331	171840369.4103078246116638	0.0000000000000000
332	170720083.8414414823055267	0.0000000000000000
333	169605208.9676511287689209	0.0000000000000000
334	168492092.0134426057338715	0.0000000000000000
335	167380041.7771910429000854	0.0000000000000000
336	166268562.9204047620296478	0.0000000000000000
337	165156901.7606985569000244	0.0000000000000000
338	164039205.8068831562995911	0.0000000000000000
339	162934569.4718184173107147	0.0000000000000000
340	161827597.9087794125080109	0.0000000000000000
341	160722031.2651530802249908	0.0000000000000000
342	159616535.4285266399383545	0.0000000000000000
343	158513427.7865062952041626	0.0000000000000000
344	157408315.6374633312225342	0.0000000000000000
345	156305088.6564839780330658	0.0000000000000000
346	155197123.4973637163639069	0.0000000000000000
347	154092880.7812268435955048	0.0000000000000000
348	153002017.6834188103675842	0.0000000000000000
349	151909240.9260291755199432	0.0000000000000000
350	150819379.1527790725231171	0.0000000000000000
351	149736873.5089912116527557	0.0000000000000000
352	148658444.3431122303009033	0.0000000000000000
353	147577130.1899999976158142	0.0000000000000000
354	146498551.6794742047786713	0.0000000000000000
355	145425667.7107455134391785	0.0000000000000000
356	144355254.6073899865150452	0.0000000000000000
357	143283077.9535032212734222	0.0000000000000000
358	142212519.0269462168216705	0.0000000000000000
359	141136823.5032189488410950	0.0000000000000000
360	140067950.7323543727397919	0.0000000000000000
361	139005774.3384997546672821	0.0000000000000000
362	137949215.8254210352897644	0.0000000000000000
363	136897820.7989178001880646	0.0000000000000000
364	135852376.2180372774600983	0.0000000000000000
365	134799442.4437330067157745	0.0000000000000000
366	133757072.5093468129634857	0.0000000000000000
367	132717747.5119851231575012	0.0000000000000000
368	131683322.5477116107940674	0.0000000000000000
369	130646098.8087060898542404	0.0000000000000000
370	129613028.5776733011007309	0.0000000000000000
371	128582302.5731587857007980	0.0000000000000000
372	127553375.6344328522682190	0.0000000000000000
373	126518786.9048847258090973	0.0000000000000000
374	125494857.9879622310400009	0.0000000000000000
375	124470445.4314280301332474	0.0000000000000000
376	123449436.1709173470735550	0.0000000000000000
377	122439401.9350323975086212	0.0000000000000000
378	121435725.4619644433259964	0.0000000000000000
379	120432073.9694275856018066	0.0000000000000000
380	119436235.5328257977962494	0.0000000000000000
381	118440791.5293855965137482	0.0000000000000000
382	117445076.6818942278623581	0.0000000000000000
383	116458010.5546033680438995	0.0000000000000000
384	115473831.2156198769807816	0.0000000000000000
385	114501462.3507534563541412	0.0000000000000000
386	113530412.7385542094707489	0.0000000000000000
387	112563348.6481615304946899	0.0000000000000000
388	111602114.5849800109863281	0.0000000000000000
389	110641098.2307867556810379	0.0000000000000000
390	109681355.8987751454114914	0.0000000000000000
391	108727791.7688360512256622	0.0000000000000000
392	107778457.0018828362226486	0.0000000000000000
393	106842246.1805876195430756	0.0000000000000000
394	105906584.0305517911911011	0.0000000000000000
395	104975946.7316225767135620	0.0000000000000000
396	104043524.8725099563598633	0.0000000000000000
397	103116030.2528047710657120	0.0000000000000000
398	102192991.6886619478464127	0.0000000000000000
399	101273939.4490622729063034	0.0000000000000000
400	100359753.7840544134378433	0.0000000000000000
401	99451880.2136684954166412	0.0000000000000000
402	98555347.4592384248971939	0.0000000000000000
403	97668519.7616667896509171	0.0000000000000000
404	96783157.3166103512048721	0.0000000000000000
405	95898581.8025684803724289	0.0000000000000000
406	95013793.4516787230968475	0.0000000000000000
407	94137387.3930004388093948	0.0000000000000000
408	93262481.6629963219165802	0.0000000000000000
409	92401925.3623633831739426	0.0000000000000000
410	91543213.8296480923891068	0.0000000000000000
411	90692535.3886058479547501	0.0000000000000000
412	89838018.8427207618951797	0.0000000000000000
413	88995079.7014446705579758	0.0000000000000000
414	88159403.2904754877090454	0.0000000000000000
415	87328713.3587673753499985	0.0000000000000000
416	86503859.0729719549417496	0.0000000000000000
417	85690024.6077803671360016	0.0000000000000000
418	84877019.6484658867120743	0.0000000000000000
419	84070529.3747750222682953	0.0000000000000000
420	83260157.4936324805021286	0.0000000000000000
421	82454723.0159124583005905	0.0000000000000000
422	81651690.9206739515066147	0.0000000000000000
423	80854741.7331262975931168	0.0000000000000000
424	80064089.2672083228826523	0.0000000000000000
425	79283709.7841645628213882	0.0000000000000000
426	78510150.0772030502557755	0.0000000000000000
427	77741106.5861157178878784	0.0000000000000000
428	76980315.7510079443454742	0.0000000000000000
429	76223331.5963503867387772	0.0000000000000000
430	75469886.4495770931243896	0.0000000000000000
431	74721232.4577176272869110	0.0000000000000000
432	73978042.3856230229139328	0.0000000000000000
433	73241973.7486381232738495	0.0000000000000000
434	72513279.0662512034177780	0.0000000000000000
435	71787612.9769948422908783	0.0000000000000000
436	71064185.9074546396732330	0.0000000000000000
437	70348962.9314157813787460	0.0000000000000000
438	69637982.4569651931524277	0.0000000000000000
439	68935289.2695069313049316	0.0000000000000000
440	68237422.9541658312082291	0.0000000000000000
441	67547217.3111928254365921	0.0000000000000000
442	66863024.7846654802560806	0.0000000000000000
443	66184185.6745981723070145	0.0000000000000000
444	65509337.4209842383861542	0.0000000000000000
445	64840576.6014120876789093	0.0000000000000000
446	64181270.0364576056599617	0.0000000000000000
447	63524647.5374181345105171	0.0000000000000000
448	62874514.7858131751418114	0.0000000000000000
449	62230167.6807771474123001	0.0000000000000000
450	61595838.7625019699335098	0.0000000000000000
451	60956646.7927293777465820	0.0000000000000000
452	60324278.5574877038598061	0.0000000000000000
453	59694193.6241271346807480	0.0000000000000000
454	59066784.8500000834465027	0.0000000000000000
455	58453228.5151517167687416	0.0000000000000000
456	57839756.1405908018350601	0.0000000000000000
457	57228598.2454111874103546	0.0000000000000000
458	56625723.1562635824084282	0.0000000000000000
459	56029878.8708310276269913	0.0000000000000000
460	55439154.9660511836409569	0.0000000000000000
461	54851808.4352570921182632	0.0000000000000000
462	54268588.6746052131056786	0.0000000000000000
463	53690870.3913753777742386	0.0000000000000000
464	53112670.9976340457797050	0.0000000000000000
465	52541134.1793678104877472	0.0000000000000000
466	51973286.0534647330641747	0.0000000000000000
467	51403909.0311556085944176	0.0000000000000000
468	50841698.4890954047441483	0.0000000000000000
469	50285999.2526222988963127	0.0000000000000000
470	49733840.6895013228058815	0.0000000000000000
471	49190252.1144113540649414	0.0000000000000000
472	48650317.6057811304926872	0.0000000000000000
473	48116374.3642083257436752	0.0000000000000000
474	47590953.2841056436300278	0.0000000000000000
475	47069798.8284213021397591	0.0000000000000000
476	46545084.8479939252138138	0.0000000000000000
477	46028000.0273586884140968	0.0000000000000000
478	45511667.9218089729547501	0.0000000000000000
479	45002112.8179613426327705	0.0000000000000000
480	44495101.8610238507390022	0.0000000000000000
481	43992110.4001711010932922	0.0000000000000000
482	43490164.9290758520364761	0.0000000000000000
483	43000116.5001110658049583	0.0000000000000000
484	42516471.7427332773804665	0.0000000000000000
485	42033842.8270003125071526	0.0000000000000000
486	41553073.0219386294484138	0.0000000000000000
487	41069184.4035246074199677	0.0000000000000000
488	40592148.5983723625540733	0.0000000000000000
489	40117312.2929023280739784	0.0000000000000000
490	39654162.2514834627509117	0.0000000000000000
491	39191743.2358625829219818	0.0000000000000000
492	38735416.6392143592238426	0.0000000000000000
493	38282609.8437016531825066	0.0000000000000000
494	37831692.9435385391116142	0.0000000000000000
495	37381428.4452242180705070	0.0000000000000000
496	36930856.6049844697117805	0.0000000000000000
497	36491163.5673516318202019	0.0000000000000000
498	36052730.7684657722711563	0.0000000000000000
499	35621956.6043899953365326	0.0000000000000000
500	35190896.3305168822407722	0.0000000000000000
501	34759919.1457650512456894	0.0000000000000000
502	34331827.2287951111793518	0.0000000000000000
503	33912012.3741881325840950	0.0000000000000000
504	33490696.0367787219583988	0.0000000000000000
505	33072194.6340077854692936	0.0000000000000000
506	32656656.3565800525248051	0.0000000000000000
507	32246402.9118930436670780	0.0000000000000000
508	31844488.8656030781567097	0.0000000000000000
509	31444976.1271410994231701	0.0000000000000000
510	31048344.4847840256989002	0.0000000000000000
511	30651691.5487651824951172	0.0000000000000000
512	30258690.5575828552246094	0.0000000000000000
513	29869156.6639488451182842	0.0000000000000000
514	29482280.0045059844851494	0.0000000000000000
515	29096884.3645616099238396	0.0000000000000000
516	28713806.1824818179011345	0.0000000000000000
517	28335054.4032071717083454	0.0000000000000000
518	27961242.4849747419357300	0.0000000000000000
519	27592926.5209920443594456	0.0000000000000000
520	27226712.8548950254917145	0.0000000000000000
521	26863050.9546182118356228	0.0000000000000000
522	26498531.4657268188893795	0.0000000000000000
523	26142266.9122273735702038	0.0000000000000000
524	25786982.6038880050182343	0.0000000000000000
525	25432453.3285770229995251	0.0000000000000000
526	25079057.5300720632076263	0.0000000000000000
527	24731518.8842957131564617	0.0000000000000000
528	24386040.7007267251610756	0.0000000000000000
529	24047262.2955371327698231	0.0000000000000000
530	23709314.1612630262970924	0.0000000000000000
531	23371745.5179038234055042	0.0000000000000000
532	23036100.9699954837560654	0.0000000000000000
533	22703429.5848199501633644	0.0000000000000000
534	22375197.1082215383648872	0.0000000000000000
535	22047675.0888922996819019	0.0000000000000000
536	21727789.4404394701123238	0.0000000000000000
537	21410603.8772858567535877	0.0000000000000000
538	21097369.7451015822589397	0.0000000000000000
539	20781579.8390477597713470	0.0000000000000000
540	20468057.7871603034436703	0.0000000000000000
541	20155499.4865852668881416	0.0000000000000000
542	19847825.3344855196774006	0.0000000000000000
543	19549318.6723432093858719	0.0000000000000000
544	19251926.6765625216066837	0.0000000000000000
545	18956216.6369305923581123	0.0000000000000000
546	18662751.6309938579797745	0.0000000000000000
547	18374121.1642208248376846	0.0000000000000000
548	18085508.5346550010144711	0.0000000000000000
549	17801789.8585041016340256	0.0000000000000000
550	17516101.0939486064016819	0.0000000000000000
551	17232722.4283396489918232	0.0000000000000000
552	16955069.9130547828972340	0.0000000000000000
553	16681361.3605014160275459	0.0000000000000000
554	16409926.4906246978789568	0.0000000000000000
555	16144095.7149812728166580	0.0000000000000000
556	15881369.7006218452006578	0.0000000000000000
557	15622991.1973277069628239	0.0000000000000000
558	15369860.0732607226818800	0.0000000000000000
559	15114034.9212209749966860	0.0000000000000000
560	14859670.7187871895730495	0.0000000000000000
561	14609951.0035126395523548	0.0000000000000000
562	14360247.2538745719939470	0.0000000000000000
563	14113893.9552091006189585	0.0000000000000000
564	13869265.5893430598080158	0.0000000000000000
565	13626207.8072821274399757	0.0000000000000000
566	13386373.6220228485763073	0.0000000000000000
567	13151115.6709440611302853	0.0000000000000000
568	12919687.1656856145709753	0.0000000000000000
569	12690494.5688346438109875	0.0000000000000000
570	12462097.5224193986505270	0.0000000000000000
571	12241597.9831293951719999	0.0000000000000000
572	12022200.2843850255012512	0.0000000000000000
573	11804727.4405976012349129	0.0000000000000000
574	11590213.0106962826102972	0.0000000000000000
575	11373220.3655389323830605	0.0000000000000000
576	11162139.1634048037230968	0.0000000000000000
577	10952497.0374756883829832	0.0000000000000000
578	10746668.4901768043637276	0.0000000000000000
579	10542272.1560207307338715	0.0000000000000000
580	10343662.9734954964369535	0.0000000000000000
581	10145763.2163272108882666	0.0000000000000000
582	9951312.9046651311218739	0.0000000000000000
583	9759782.0389189869165421	0.0000000000000000
584	9570887.7798347231000662	0.0000000000000000
585	9386473.3609881494194269	0.0000000000000000
586	9203523.3835929352790117	0.0000000000000000
587	9025177.8772314097732306	0.0000000000000000
588	8849122.5619213376194239	0.0000000000000000
589	8677706.7005046773701906	0.0000000000000000
590	8508358.4831064529716969	0.0000000000000000
591	8339914.0153289027512074	0.0000000000000000
592	8174399.3597125727683306	0.0000000000000000
593	8012589.5178643679246306	0.0000000000000000
594	7853807.8883991437032819	0.0000000000000000
595	7696476.0734999077394605	0.0000000000000000
596	7540910.6042230883613229	0.0000000000000000
597	7388546.2990966811776161	0.0000000000000000
598	7238892.4565782863646746	0.0000000000000000
599	7090744.8271390963345766	0.0000000000000000
600	6945315.1195432310923934	0.0000000000000000
601	6803951.4268955830484629	0.0000000000000000
602	6665357.0908223101869226	0.0000000000000000
603	6529037.3830603444948792	0.0000000000000000
604	6393408.7467857254669070	0.0000000000000000
605	6259833.6505260365083814	0.0000000000000000
606	6125170.9348000120371580	0.0000000000000000
607	5992803.7333471439778805	0.0000000000000000
608	5861947.3247908158227801	0.0000000000000000
609	5736019.8406154774129391	0.0000000000000000
610	5612257.2033886583521962	0.0000000000000000
611	5492069.7513323007151484	0.0000000000000000
612	5374093.5448793396353722	0.0000000000000000
613	5259488.2159056728705764	0.0000000000000000
614	5144775.3887091102078557	0.0000000000000000
615	5032707.9035096624866128	0.0000000000000000
616	4921474.9326220713555813	0.0000000000000000
617	4814993.7484802231192589	0.0000000000000000
618	4709256.6017314437776804	0.0000000000000000
619	4607539.9417344834655523	0.0000000000000000
620	4505235.2775034289807081	0.0000000000000000
621	4404387.6466020895168185	0.0000000000000000
622	4303694.5751837799325585	0.0000000000000000
623	4205714.9891107566654682	0.0000000000000000
624	4113507.8490374917164445	0.0000000000000000
625	4022715.8733676392585039	0.0000000000000000
626	3932517.5483952425420284	0.0000000000000000
627	3842554.5261120833456516	0.0000000000000000
628	3756531.6077441065572202	0.0000000000000000
629	3670994.2740906933322549	0.0000000000000000
630	3585518.2610476943664253	0.0000000000000000
631	3502687.4970313818193972	0.0000000000000000
632	3420191.7610240573994815	0.0000000000000000
633	3343180.4572837734594941	0.0000000000000000
634	3267643.5391847467981279	0.0000000000000000
635	3193967.9453016994521022	0.0000000000000000
636	3120826.0968221910297871	0.0000000000000000
637	3049126.2188036208972335	0.0000000000000000
638	2978375.3694998486898839	0.0000000000000000
639	2909679.0324844000861049	0.0000000000000000
640	2840757.3051486536860466	0.0000000000000000
641	2774775.5096496632322669	0.0000000000000000
642	2710785.2258298895321786	0.0000000000000000
643	2648847.2704789852723479	0.0000000000000000
644	2588071.1786703635007143	0.0000000000000000
645	2526739.2011472987942398	0.0000000000000000
646	2468381.9752036593854427	0.0000000000000000
647	2409340.4202309213578701	0.0000000000000000
648	2353265.7061806805431843	0.0000000000000000
649	2299297.4202168919146061	0.0000000000000000
650	2248326.6764705884270370	0.0000000000000000
651	2197518.7267859308049083	0.0000000000000000
652	2148181.0837813620455563	0.0000000000000000
653	2098190.2496639816090465	0.0000000000000000
654	2048414.4528853236697614	0.0000000000000000
655	2000564.7327208193019032	0.0000000000000000
656	1952469.6240695863962173	0.0000000000000000
657	1905587.4948585298843682	0.0000000000000000
658	1858593.2726641625631601	0.0000000000000000
659	1812817.0471908454783261	0.0000000000000000
660	1769210.8881551108788699	0.0000000000000000
661	1724953.4820708963088691	0.0000000000000000
662	1682897.0970513757783920	0.0000000000000000
663	1641340.0037906325887889	0.0000000000000000
664	1602302.6923611110541970	0.0000000000000000
665	1564338.1772022244986147	0.0000000000000000
666	1528697.2980712205171585	0.0000000000000000
667	1493518.9737306786701083	0.0000000000000000
668	1459042.2342980720568448	0.0000000000000000
669	1423409.6457924996502697	0.0000000000000000
670	1388778.4149669629987329	0.0000000000000000
671	1355146.1890473363455385	0.0000000000000000
672	1322457.0292968750000000	0.0000000000000000
673	1290808.3941688784398139	0.0000000000000000
674	1258731.0410285731777549	0.0000000000000000
675	1228755.3188561704009771	0.0000000000000000
676	1199317.3615735210478306	0.0000000000000000
677	1170830.8197809152770787	0.0000000000000000
678	1144509.2266029608435929	0.0000000000000000
679	1118857.6320016803219914	0.0000000000000000
680	1092189.0420075068250299	0.0000000000000000
681	1065514.3054594586137682	0.0000000000000000
682	1039804.9570637104334310	0.0000000000000000
683	1016016.1465329610509798	0.0000000000000000
684	991412.8177508634980768	0.0000000000000000
685	967093.0807424203958362	0.0000000000000000
686	944165.2922516711987555	0.0000000000000000
687	922382.9569953060708940	0.0000000000000000
688	900550.1644876693608239	0.0000000000000000
689	878482.6727378078503534	0.0000000000000000
690	856556.4121876027202234	0.0000000000000000
691	834594.8785722622415051	0.0000000000000000
692	813799.9936674372293055	0.0000000000000000
693	793237.5187612390145659	0.0000000000000000
694	773528.1494582196464762	0.0000000000000000
695	754086.7009266355307773	0.0000000000000000
696	735884.7524074206594378	0.0000000000000000
697	717066.6673026033677161	0.0000000000000000
698	699342.0684632449410856	0.0000000000000000
699	682601.2878485195105895	0.0000000000000000
700	665914.3899176957784221	0.0000000000000000
701	649641.6522635124856606	0.0000000000000000
702	633535.3877936820499599	0.0000000000000000
703	618623.9862967149820179	0.0000000000000000
704	602273.6587011714000255	0.0000000000000000
705	587889.0278200841275975	0.0000000000000000
706	574002.0573751035844907	0.0000000000000000
707	559024.3616017672466114	0.0000000000000000
708	545079.3011636765440926	0.0000000000000000
709	531627.9489543953677639	0.0000000000000000
710	518623.6030873457784764	0.0000000000000000
711	505061.2143535211216658	0.0000000000000000
712	492352.6050912227947265	0.0000000000000000
713	480940.7799236964201555	0.0000000000000000
714	469619.3559001047979109	0.0000000000000000
715	458072.4902860265574418	0.0000000000000000
716	448015.9256198359071277	0.0000000000000000
717	437264.5654171389760450	0.0000000000000000
718	426833.4529668064787984	0.0000000000000000
719	416400.4808599830721505	0.0000000000000000
720	405821.6113768186769448	0.0000000000000000
721	395777.4176387920742854	0.0000000000000000
722	386098.3763979661744088	0.0000000000000000
723	376553.6402688699890859	0.0000000000000000
724	366626.1624777772231027	0.0000000000000000
725	356919.3577812312287278	0.0000000000000000
726	347743.7018490171758458	0.0000000000000000
727	338527.9536328481626697	0.0000000000000000
728	329782.7116051871562377	0.0000000000000000
729	320660.0915254232240841	0.0000000000000000
730	311694.7813411077368073	0.0000000000000000
731	303377.4641055823303759	0.0000000000000000
732	296495.4666330449399538	0.0000000000000000
733	288965.6487523754476570	0.0000000000000000
734	281756.4315101054380648	0.0000000000000000
735	274759.1092779075261205	0.0000000000000000
736	267988.5815369408228435	0.0000000000000000
737	261466.2700773333781399	0.0000000000000000
738	255199.6350432799081318	0.0000000000000000
739	249609.1416435818537138	0.0000000000000000
740	243564.9423229507519864	0.0000000000000000
741	238133.5306471555086318	0.0000000000000000
742	232549.4057642981351819	0.0000000000000000
743	226806.2674358215008397	0.0000000000000000
744	221091.2592091847327538	0.0000000000000000
745	215461.8373350801120978	0.0000000000000000
746	209982.0056803481711540	0.0000000000000000
747	204642.2325587459781673	0.0000000000000000
748	200153.4230072450882290	0.0000000000000000
749	195420.7832727267523296	0.0000000000000000
750	191017.0943310765724164	0.0000000000000000
751	186812.8539897225273307	0.0000000000000000
752	182412.7717884949233849	0.0000000000000000
753	177948.8118625846982468	0.0000000000000000
754	173510.5058436215331312	0.0000000000000000
755	169443.3386354527901858	0.0000000000000000
756	164956.4181332153093535	0.0000000000000000
757	161113.6259310684108641	0.0000000000000000
758	157079.3067160374775995	0.0000000000000000
759	152779.0246778206783347	0.0000000000000000
760	149086.6507403591531329	0.0000000000000000
761	144924.8075149267097004	0.0000000000000000
762	141267.5006992586422712	0.0000000000000000
763	137245.2404691643314436	0.0000000000000000
764	133873.6289349109865725	0.0000000000000000
765	130251.6041651128180092	0.0000000000000000
766	126875.7831410377548309	0.0000000000000000
767	123617.7865372683154419	0.0000000000000000
768	120653.3959960937500000	0.0000000000000000
769	117406.1822375994379399	0.0000000000000000
770	114305.2719325449288590	0.0000000000000000
771	111144.9713477789191529	0.0000000000000000
772	107921.0762786601262633	0.0000000000000000
773	105071.0914747391216224	0.0000000000000000
774	102277.8321600003837375	0.0000000000000000
775	99781.9337430051091360	0.0000000000000000
776	96972.9666850929497741	0.0000000000000000
777	94756.5739317158877384	0.0000000000000000
778	92453.2418203455308685	0.0000000000000000
779	90396.7018408999138046	0.0000000000000000
780	88285.4870330550911603	0.0000000000000000
781	86247.5244458000670420	0.0000000000000000
782	84441.0827812317584176	0.0000000000000000
783	82529.2047141069779173	0.0000000000000000
784	80717.6345833324157866	0.0000000000000000
785	78757.7321650535450317	0.0000000000000000
786	76928.6276392913568998	0.0000000000000000
787	75381.2656625531235477	0.0000000000000000
788	73755.4045353346591583	0.0000000000000000
789	72088.4671253966807853	0.0000000000000000
790	70877.4228577699541347	0.0000000000000000
791	69621.6630256597272819	0.0000000000000000
792	68163.5798156954406295	0.0000000000000000
793	66745.4374730616837041	0.0000000000000000
794	65640.3724385630921461	0.0000000000000000
795	64522.6146335883968277	0.0000000000000000
796	62910.4269198211623007	0.0000000000000000
797	61520.1932504031283315	0.0000000000000000
798	60046.5159370348992525	0.0000000000000000
799	58913.6426469123689458	0.0000000000000000
800	57883.0947265616196091	0.0000000000000000
801	56486.3495344778348226	0.0000000000000000
802	55255.2953494027751731	0.0000000000000000
803	54013.7242480700733722	0.0000000000000000
804	52739.2845454549023998	0.0000000000000000
805	51451.1171576915221522	0.0000000000000000
806	50004.1046208233747166	0.0000000000000000
807	48709.8830937169477693	0.0000000000000000
808	47518.5067729762740782	0.0000000000000000
809	46394.5834072480211034	0.0000000000000000
810	45365.7647392793151084	0.0000000000000000
811	44239.2620070970515371	0.0000000000000000
812	43269.4093316122525721	0.0000000000000000
813	42333.9520001795026474	0.0000000000000000
814	41473.5573696135907085	0.0000000000000000
815	40459.2418671734776581	0.0000000000000000
816	39563.1933247036940884	0.0000000000000000
817	38729.6453592858160846	0.0000000000000000
818	37893.2379112080016057	0.0000000000000000
819	37082.9305889340466820	0.0000000000000000
820	36325.8500576708611334	0.0000000000000000
821	35577.1482200493264827	0.0000000000000000
822	34723.7532594849035377	0.0000000000000000
823	33846.7059726237494033	0.0000000000000000
824	33016.3510000000096625	0.0000000000000000
825	32352.9765662483769120	0.0000000000000000
826	31551.5369094994093757	0.0000000000000000
827	30854.9968821666298027	0.0000000000000000
828	30118.7117867558627040	0.0000000000000000
829	29449.6299802760331659	0.0000000000000000
830	28774.8079498346378386	0.0000000000000000
831	28075.3918762923894974	0.0000000000000000
832	27422.1359049479178793	0.0000000000000000
833	26801.2445108412575792	0.0000000000000000
834	26170.4961218828429992	0.0000000000000000
835	25544.4771982863749145	0.0000000000000000
836	24978.6629696695090388	0.0000000000000000
837	24478.5899225029097579	0.0000000000000000
838	24013.6344953179905133	0.0000000000000000
839	23525.6708546387671959	0.0000000000000000
840	22965.4959829856888973	0.0000000000000000
841	22436.5554958342509053	0.0000000000000000
842	22028.1300567564830999	0.0000000000000000
843	21573.1497817524686980	0.0000000000000000
844	21172.5548148156412935	0.0000000000000000
845	20778.7373053273549885	0.0000000000000000
846	20380.7427408159019251	0.0000000000000000
847	19962.3052762623156013	0.0000000000000000
848	19492.4278796480939491	0.0000000000000000
849	19037.0674612255716056	0.0000000000000000
850	18503.6738010297631263	0.0000000000000000
851	18061.3421096598249278	0.0000000000000000
852	17725.2691995667300944	0.0000000000000000
853	17402.8739441189791251	0.0000000000000000
854	17073.6288581317603530	0.0000000000000000
855	16697.7357235396011674	0.0000000000000000
856	16325.6242913823170966	0.0000000000000000
857	15949.9401914728186966	0.0000000000000000
858	15661.3378574543748982	0.0000000000000000
859	15308.7595959602440416	0.0000000000000000
860	14979.5350981560732180	0.0000000000000000
861	14632.0654898566353950	0.0000000000000000
862	14354.8923182448052103	0.0000000000000000
863	14011.4679989190681226	0.0000000000000000
864	13775.0057421866913501	0.0000000000000000
865	13481.9989320042004692	0.0000000000000000
866	13146.6204133962073684	0.0000000000000000
867	12776.9731429265502811	0.0000000000000000
868	12418.1247534515605366	0.0000000000000000
869	12121.5609573365163669	0.0000000000000000
870	11872.5822229713267006	0.0000000000000000
871	11599.6682045372544962	0.0000000000000000
872	11324.1310595560989896	0.0000000000000000
873	11029.2111749490904913	0.0000000000000000
874	10681.8464444438886858	0.0000000000000000
875	10428.7994234486977803	0.0000000000000000
876	10207.8814371800854133	0.0000000000000000
877	10007.1926974873476865	0.0000000000000000
878	9760.3023081249230017	0.0000000000000000
879	9511.1241379311086348	0.0000000000000000
880	9300.6478587959391007	0.0000000000000000
881	9047.4509266957556974	0.0000000000000000
882	8713.2885340212451410	0.0000000000000000
883	8364.4312157341355487	0.0000000000000000
884	8145.6383673467007611	0.0000000000000000
885	7905.9235546814898044	0.0000000000000000
886	7661.3655744598745514	0.0000000000000000
887	7438.6934306569346518	0.0000000000000000
888	7215.5301686847406017	0.0000000000000000
889	6995.7179698218142221	0.0000000000000000
890	6823.7627533973627578	0.0000000000000000
891	6673.9672677927728728	0.0000000000000000
892	6471.2064393947784993	0.0000000000000000
893	6280.6693665863986098	0.0000000000000000
894	6071.7766272187664072	0.0000000000000000
895	5925.7250766172865042	0.0000000000000000
896	5746.7451782226562500	0.0000000000000000
897	5622.3215946435384467	0.0000000000000000
898	5563.2072310410958380	0.0000000000000000
899	5424.9665919997987658	0.0000000000000000
900	5307.4465400630069780	0.0000000000000000
901	5119.2941370868611557	0.0000000000000000
902	4979.7706261759349218	0.0000000000000000
903	4815.9505498259950400	0.0000000000000000
904	4673.7402777771503679	0.0000000000000000
905	4521.8013558364509663	0.0000000000000000
906	4382.1967107147320348	0.0000000000000000
907	4316.5161808758230109	0.0000000000000000
908	4185.7271105818681463	0.0000000000000000
909	4096.7996219289861983	0.0000000000000000
910	3975.4698368731901610	0.0000000000000000
911	3846.8003759096427530	0.0000000000000000
912	3724.6658960463951189	0.0000000000000000
913	3582.0286502712860965	0.0000000000000000
914	3456.0446280987189311	0.0000000000000000
915	3326.8679404098866144	0.0000000000000000
916	3201.4915980790196954	0.0000000000000000
917	3070.4307799807115771	0.0000000000000000
918	2914.0388928447896433	0.0000000000000000
919	2821.2065306128570228	0.0000000000000000
920	2693.8108357992146011	0.0000000000000000
921	2538.5938354232584970	0.0000000000000000
922	2412.2243367938481242	0.0000000000000000
923	2301.4355455348891155	0.0000000000000000
924	2211.8559999997464729	0.0000000000000000
925	2110.5188246100642573	0.0000000000000000
926	2055.5204081632655289	0.0000000000000000
927	2025.9812945050748567	0.0000000000000000
928	1943.0963541666667425	0.0000000000000000
929	1900.7445983371746934	0.0000000000000000
930	1861.5995925752999938	0.0000000000000000
931	1843.4887270206054382	0.0000000000000000
932	1800.3972117205987615	0.0000000000000000
933	1691.0490278945731006	0.0000000000000000
934	1636.4717283955897074	0.0000000000000000
935	1576.6481504852863509	0.0000000000000000
936	1503.5705061987994213	0.0000000000000000
937	1421.2918483289240612	0.0000000000000000
938	1338.6951054623134496	0.0000000000000000
939	1279.3738408306833207	0.0000000000000000
940	1188.6815476186206979	0.0000000000000000
941	1109.5131368849240516	0.0000000000000000
942	1050.4762046395023845	0.0000000000000000
943	991.6701722306739839	0.0000000000000000
944	936.3718750000000455	0.0000000000000000
945	883.6455696202531271	0.0000000000000000
946	845.6538461537536477	0.0000000000000000
947	806.9659301736406860	0.0000000000000000
948	754.0057132971882083	0.0000000000000000
949	708.7900444447388963	0.0000000000000000
950	634.5914901391087142	0.0000000000000000
951	556.3475323697689419	0.0000000000000000
952	532.9664351857128395	0.0000000000000000
953	497.4197579851557407	0.0000000000000000
954	473.2444897967191082	0.0000000000000000
955	461.0829657626817379	0.0000000000000000
956	436.9826989611884756	0.0000000000000000
957	415.4381822227229577	0.0000000000000000
958	381.7635445355915635	0.0000000000000000
959	358.4104142014322179	0.0000000000000000
960	320.3503417968750000	0.0000000000000000
961	293.2479213911001352	0.0000000000000000
962	262.2887617058482874	0.0000000000000000
963	220.4052674009428472	0.0000000000000000
964	189.2125000000000057	0.0000000000000000
965	159.8342430332845368	0.0000000000000000
966	131.6985731279630158	0.0000000000000000
967	100.6525084642333923	0.0000000000000000
968	94.6584821435681079	0.0000000000000000
969	101.0380165285981207	0.0000000000000000
970	95.0462962962962905	0.0000000000000000
971	89.4524741900386289	0.0000000000000000
972	85.2248520702056425	0.0000000000000000
973	94.7254901966422409	0.0000000000000000
974	100.7495999999204628	0.0000000000000000
975	112.3706788843526141	0.0000000000000000
976	111.1666666666666714	0.0000000000000000
977	116.6251697602949378	0.0000000000000000
978	120.0326086956521721	0.0000000000000000
979	108.6409876548426467	0.0000000000000000
980	93.4209710739087313	0.0000000000000000
981	85.7149810711243987	0.0000000000000000
982	88.8242630384865208	0.0000000000000000
983	86.3878643662560819	0.0000000000000000
984	92.6050000006827787	0.0000000000000000
985	87.8711374087694992	0.0000000000000000
986	87.7991689755918259	0.0000000000000000
987	64.5697589480488006	0.0000000000000000
988	54.1959876550633126	0.0000000000000000
989	38.4742857139466139	0.0000000000000000
990	22.4411764710881378	0.0000000000000000
991	17.2066115697926953	0.0000000000000000
992	4.2226562500000000	0.0000000000000000
993	16.5036420399180415	0.0000000000000000
994	14.2022222223419998	0.0000000000000000
995	14.3032104637903359	0.0000000000000000
996	9.7755102035880554	0.0000000000000000
997	27.9725651581883774	0.0000000000000000
998	41.8402366861387591	0.0000000000000000
999	62.2336000004177947	0.0000000000000000
1000	85.0902777772110568	0.0000000000000000
1001	93.5349716453549860	0.0000000000000000
1002	122.5867768598201906	0.0000000000000000
1003	135.3151927431186152	0.0000000000000000
1004	147.2700000006705636	0.0000000000000000
1005	148.3988919668481685	0.0000000000000000
1006	156.2407407401769888	0.0000000000000000
1007	131.5397923867464840	0.0000000000000000
1008	116.3593750000000000	0.0000000000000000
1009	84.9555555549915908	0.0000000000000000
1010	45.8775510196844252	0.0000000000000000
1011	21.0946745568631187	0.0000000000000000
1012	7.2916666666666670	0.0000000000000000
1013	-3.4462809911214705	0.0000000000000000
1014	0.0000000003376044	0.0000000000000000
1015	0.0000000005626741	0.0000000000000000
1016	0.0000000000000000	0.0000000000000000
1017	0.0000000007234381	0.0000000000000000
1018	0.0000000000000000	0.0000000000000000
1019	0.0000000006752089	0.0000000000000000
1020	0.0000000000000000	0.0000000000000000
1021	0.0000000000000000	0.0000000000000000
1022	0.0000000000000000	0.0000000000000000
1023	0.0000000000000000	0.0000000000000000
