0	462250703.4425010681152344	0.0000000000000000
1	462103878.9044694304466248	0.0000000000000000
2	461958983.3209120631217957	0.0000000000000000
3	461819702.8164465427398682	0.0000000000000000
4	461673715.7046526670455933	0.0000000000000000
5	461530771.6893212795257568	0.0000000000000000
6	461389293.4849107861518860	0.0000000000000000
7	461240518.0931189060211182	0.0000000000000000
8	461084869.2996950149536133	0.0000000000000000
9	460930091.7839825749397278	0.0000000000000000
10	460777597.1909698843955994	0.0000000000000000
11	460622699.1798432469367981	0.0000000000000000
12	460465984.4015819430351257	0.0000000000000000
13	460307133.4064136743545532	0.0000000000000000
14	460140084.4854817390441895	0.0000000000000000
15	459970251.3846951723098755	0.0000000000000000
16	459798030.7465558052062988	0.0000000000000000
17	459623857.5072908997535706	0.0000000000000000
18	459449115.4776757359504700	0.0000000000000000
19	459271028.6253544688224792	0.0000000000000000
20	459094842.7673068642616272	0.0000000000000000
21	458915791.2026443481445312	0.0000000000000000
22	458733756.6177920699119568	0.0000000000000000
23	458545726.0645772814750671	0.0000000000000000
24	458357211.1305474638938904	0.0000000000000000
25	458171128.1689783334732056	0.0000000000000000
26	457981533.9523438215255737	0.0000000000000000
27	457790588.2740841507911682	0.0000000000000000
28	457596961.1612319946289062	0.0000000000000000
29	457395282.0743386149406433	0.0000000000000000
30	457198136.2004289627075195	0.0000000000000000
31	456996852.2841564416885376	0.0000000000000000
32	456797356.7842183709144592	0.0000000000000000
33	456591568.3594551086425781	0.0000000000000000
34	456382096.6359108686447144	0.0000000000000000
35	456172599.2081035971641541	0.0000000000000000
36	455960585.5012207627296448	0.0000000000000000
37	455743165.5178450942039490	0.0000000000000000
38	455522242.9452961683273315	0.0000000000000000
39	455297695.9562928080558777	0.0000000000000000
40	455075417.0744020342826843	0.0000000000000000
41	454848661.5413271784782410	0.0000000000000000
42	454615571.6505540013313293	0.0000000000000000
43	454380240.8226392865180969	0.0000000000000000
44	454142505.5446188449859619	0.0000000000000000
45	453902241.4954282045364380	0.0000000000000000
46	453660193.3165608644485474	0.0000000000000000
47	453423916.2181367278099060	0.0000000000000000
48	453180320.6114845871925354	0.0000000000000000
49	452927032.3627634644508362	0.0000000000000000
50	452674884.7708294987678528	0.0000000000000000
51	452421126.6501799225807190	0.0000000000000000
52	452164371.7304204106330872	0.0000000000000000
53	451908390.4434176087379456	0.0000000000000000
54	451648655.7442366480827332	0.0000000000000000
55	451388575.4628102779388428	0.0000000000000000
56	451123883.2776971459388733	0.0000000000000000
57	450859392.5911535620689392	0.0000000000000000
58	450592981.6212172508239746	0.0000000000000000
59	450320212.1688699722290039	0.0000000000000000
60	450052766.7764276862144470	0.0000000000000000
61	449784069.8181950449943542	0.0000000000000000
62	449508032.1374645233154297	0.0000000000000000
63	449227470.6771027445793152	0.0000000000000000
64	448945469.7870276570320129	0.0000000000000000
65	448659940.1579301953315735	0.0000000000000000
66	448372361.2288032174110413	0.0000000000000000
67	448081379.0168138742446899	0.0000000000000000
68	447795294.5335962176322937	0.0000000000000000
69	447503323.1100352406501770	0.0000000000000000
70	447214882.1290243268013000	0.0000000000000000
71	446921831.5488117337226868	0.0000000000000000
72	446617711.5923851728439331	0.0000000000000000
73	446313650.3843058943748474	0.0000000000000000
74	446006570.7024162411689758	0.0000000000000000
75	445699414.1432774662971497	0.0000000000000000
76	445391137.2988241314888000	0.0000000000000000
77	445078595.3050588965415955	0.0000000000000000
78	444766590.6555162668228149	0.0000000000000000
79	444450248.7609780430793762	0.0000000000000000
80	444127681.1179434657096863	0.0000000000000000
81	443800383.3861476778984070	0.0000000000000000
82	443475981.0279160141944885	0.0000000000000000
83	443155103.4665511846542358	0.0000000000000000
84	442834339.9759247899055481	0.0000000000000000
85	442507271.1015845537185669	0.0000000000000000
86	442179858.7940219640731812	0.0000000000000000
87	441849969.3825122117996216	0.0000000000000000
88	441514633.5227297544479370	0.0000000000000000
89	441173299.5719052553176880	0.0000000000000000
90	440833761.2647125720977783	0.0000000000000000
91	440495021.7401763796806335	0.0000000000000000
92	440150241.3007351756095886	0.0000000000000000
93	439803377.6656720042228699	0.0000000000000000
94	439454367.2938139438629150	0.0000000000000000
95	439103767.5345768928527832	0.0000000000000000
96	438753856.4474437832832336	0.0000000000000000
97	438399150.4072558879852295	0.0000000000000000
98	438045291.0133315920829773	0.0000000000000000
99	437680708.5812842845916748	0.0000000000000000
100	437316111.1425821781158447	0.0000000000000000
101	436952124.6337218880653381	0.0000000000000000
102	436582471.5386322140693665	0.0000000000000000
103	436213572.7639541625976562	0.0000000000000000
104	435844610.4778814315795898	0.0000000000000000
105	435472214.5159485340118408	0.0000000000000000
106	435093405.0566515922546387	0.0000000000000000
107	434717074.7101578116416931	0.0000000000000000
108	434341486.0674421191215515	0.0000000000000000
109	433964194.2531911134719849	0.0000000000000000
110	433584063.0532347559928894	0.0000000000000000
111	433200630.0526718497276306	0.0000000000000000
112	432813873.3235835433006287	0.0000000000000000
113	432425528.1399555206298828	0.0000000000000000
114	432031759.2848065495491028	0.0000000000000000
115	431641465.8039967417716980	0.0000000000000000
116	431246433.0501960515975952	0.0000000000000000
117	430849934.2447950243949890	0.0000000000000000
118	430452609.0626401901245117	0.0000000000000000
119	430053878.5073158144950867	0.0000000000000000
120	429651057.1947019100189209	0.0000000000000000
121	429247608.6087028980255127	0.0000000000000000
122	428842798.3265162110328674	0.0000000000000000
123	428433973.8334569334983826	0.0000000000000000
124	428024877.8532968163490295	0.0000000000000000
125	427613469.0215231180191040	0.0000000000000000
126	427203125.6831124424934387	0.0000000000000000
127	426790105.9757719039916992	0.0000000000000000
128	426370551.1884659528732300	0.0000000000000000
129	425948586.7319222092628479	0.0000000000000000
130	425524144.1639687418937683	0.0000000000000000
131	425095514.7957312464714050	0.0000000000000000
132	424667231.8479050397872925	0.0000000000000000
133	424238045.6102114319801331	0.0000000000000000
134	423801671.2975755929946899	0.0000000000000000
135	423366220.9307101368904114	0.0000000000000000
136	422931682.8666893839836121	0.0000000000000000
137	422492504.1526859402656555	0.0000000000000000
138	422048456.5715702176094055	0.0000000000000000
139	421607356.3517782092094421	0.0000000000000000
140	421161194.6375414729118347	0.0000000000000000
141	420717798.8505405783653259	0.0000000000000000
142	420270550.5104969739913940	0.0000000000000000
143	419825578.4092924594879150	0.0000000000000000
144	419376193.7351135611534119	0.0000000000000000
145	418925875.0326645970344543	0.0000000000000000
146	418476351.2560126781463623	0.0000000000000000
147	418020354.0093184113502502	0.0000000000000000
148	417561443.2920049428939819	0.0000000000000000
149	417098225.4977530241012573	0.0000000000000000
150	416632611.3797317147254944	0.0000000000000000
151	416167880.9468223452568054	0.0000000000000000
152	415699845.2902774810791016	0.0000000000000000
153	415233541.7111511826515198	0.0000000000000000
154	414764207.4118145704269409	0.0000000000000000
155	414299850.2158774137496948	0.0000000000000000
156	413831743.1918583512306213	0.0000000000000000
157	413364188.8757144808769226	0.0000000000000000
158	412889734.3299404978752136	0.0000000000000000
159	412415428.9362249970436096	0.0000000000000000
160	411938218.6572510600090027	0.0000000000000000
161	411450847.7789252400398254	0.0000000000000000
162	410968558.7966666817665100	0.0000000000000000
163	410487367.5929016470909119	0.0000000000000000
164	410007960.1371158361434937	0.0000000000000000
165	409520496.5706205368041992	0.0000000000000000
166	409029094.0174868106842041	0.0000000000000000
167	408537295.4360665678977966	0.0000000000000000
168	408044020.3981232047080994	0.0000000000000000
169	407551747.3299576044082642	0.0000000000000000
170	407053424.2332806587219238	0.0000000000000000
171	406553411.5352414846420288	0.0000000000000000
172	406055926.8578261137008667	0.0000000000000000
173	405550910.7925585508346558	0.0000000000000000
174	405051060.3850367069244385	0.0000000000000000
175	404551016.3323359489440918	0.0000000000000000
176	404044003.4478182196617126	0.0000000000000000
177	403537217.0537123084068298	0.0000000000000000
178	403025637.2614783048629761	0.0000000000000000
179	402513687.6783716082572937	0.0000000000000000
180	402002390.1013552546501160	0.0000000000000000
181	401494084.7415045499801636	0.0000000000000000
182	400976713.0854490399360657	0.0000000000000000
183	400462833.7926574945449829	0.0000000000000000
184	399940986.2730889320373535	0.0000000000000000
185	399419337.1808146238327026	0.0000000000000000
186	398901888.7548933625221252	0.0000000000000000
187	398380607.8408576250076294	0.0000000000000000
188	397859957.0483399033546448	0.0000000000000000
189	397328764.2986165881156921	0.0000000000000000
190	396798797.9431158304214478	0.0000000000000000
191	396267235.8239104747772217	0.0000000000000000
192	395729552.6587191224098206	0.0000000000000000
193	395195122.1936097741127014	0.0000000000000000
194	394659123.1831400394439697	0.0000000000000000
195	394119578.7751705646514893	0.0000000000000000
196	393579955.6616948843002319	0.0000000000000000
197	393040850.4447119832038879	0.0000000000000000
198	392502294.9301200509071350	0.0000000000000000
199	391961368.3599046468734741	0.0000000000000000
200	391421623.4459819793701172	0.0000000000000000
201	390877325.4161386489868164	0.0000000000000000
202	390331211.3389680981636047	0.0000000000000000
203	389783573.6706702113151550	0.0000000000000000
204	389233209.5310164690017700	0.0000000000000000
205	388677698.3156800270080566	0.0000000000000000
206	388119388.8116514682769775	0.0000000000000000
207	387562476.0558516979217529	0.0000000000000000
208	387004702.4201488494873047	0.0000000000000000
209	386448271.9506765604019165	0.0000000000000000
210	385892499.2163755297660828	0.0000000000000000
211	385332719.9547427296638489	0.0000000000000000
212	384771123.0092073678970337	0.0000000000000000
213	384212672.6636657714843750	0.0000000000000000
214	383649978.6345401406288147	0.0000000000000000
215	383087043.7247346639633179	0.0000000000000000
216	382521471.8234046697616577	0.0000000000000000
217	381953049.8771404027938843	0.0000000000000000
218	381383870.3805109858512878	0.0000000000000000
219	380809626.4651257395744324	0.0000000000000000
220	380232592.0548084974288940	0.0000000000000000
221	379659717.6570331454277039	0.0000000000000000
222	379082705.5745017528533936	0.0000000000000000
223	378504133.6322309374809265	0.0000000000000000
224	377926181.6272937655448914	0.0000000000000000
225	377342417.2360689640045166	0.0000000000000000
226	376757182.1163651943206787	0.0000000000000000
227	376173649.2843282818794250	0.0000000000000000
228	375591086.4976553916931152	0.0000000000000000
229	375008237.4300516247749329	0.0000000000000000
230	374422259.0791211128234863	0.0000000000000000
231	373834846.8091973066329956	0.0000000000000000
232	373241519.7533336281776428	0.0000000000000000
233	372647319.8901749253273010	0.0000000000000000
234	372052537.9053597450256348	0.0000000000000000
235	371468572.4259992241859436	0.0000000000000000
236	370878366.5664433240890503	0.0000000000000000
237	370286565.8643251061439514	0.0000000000000000
238	369694460.3534541130065918	0.0000000000000000
239	369099022.2265680432319641	0.0000000000000000
240	368500485.4195650219917297	0.0000000000000000
241	367898730.5166578292846680	0.0000000000000000
242	367294413.5788178443908691	0.0000000000000000
243	366691193.7025847434997559	0.0000000000000000
244	366086196.1803572177886963	0.0000000000000000
245	365485972.8670448064804077	0.0000000000000000
246	364878564.9880697727203369	0.0000000000000000
247	364271204.4942534565925598	0.0000000000000000
248	363663411.5821844935417175	0.0000000000000000
249	363053614.7149711251258850	0.0000000000000000
250	362441033.8199601173400879	0.0000000000000000
251	361831789.5246363282203674	0.0000000000000000
252	361220714.2708793282508850	0.0000000000000000
253	360609682.2210897803306580	0.0000000000000000
254	360000680.2016888260841370	0.0000000000000000
255	359385413.3197480440139771	0.0000000000000000
256	358770650.6351229548454285	0.0000000000000000
257	358157242.4165399074554443	0.0000000000000000
258	357537922.7538239359855652	0.0000000000000000
259	356913818.1479138731956482	0.0000000000000000
260	356288562.2654837965965271	0.0000000000000000
261	355662715.5101997256278992	0.0000000000000000
262	355037751.2845805287361145	0.0000000000000000
263	354407932.3771571516990662	0.0000000000000000
264	353784657.1856629848480225	0.0000000000000000
265	353160984.7973965406417847	0.0000000000000000
266	352534980.1146220564842224	0.0000000000000000
267	351908022.6301902532577515	0.0000000000000000
268	351280337.1001229882240295	0.0000000000000000
269	350649859.4299291372299194	0.0000000000000000
270	350016871.5526311397552490	0.0000000000000000
271	349381580.5660774707794189	0.0000000000000000
272	348747209.1391909718513489	0.0000000000000000
273	348117433.7247785329818726	0.0000000000000000
274	347481976.7625887393951416	0.0000000000000000
275	346844540.5549512505531311	0.0000000000000000
276	346204498.0679423809051514	0.0000000000000000
277	345561976.2694633007049561	0.0000000000000000
278	344920701.3142749667167664	0.0000000000000000
279	344284638.3271734714508057	0.0000000000000000
280	343642147.9041669368743896	0.0000000000000000
281	342996925.7916402816772461	0.0000000000000000
282	342352780.4556152820587158	0.0000000000000000
283	341708545.8943136930465698	0.0000000000000000
284	341057647.8834947943687439	0.0000000000000000
285	340410235.2765201330184937	0.0000000000000000
286	339762468.2826265692710876	0.0000000000000000
287	339110346.1503372788429260	0.0000000000000000
288	338456049.3474215865135193	0.0000000000000000
289	337804590.9589831829071045	0.0000000000000000
290	337154798.3355483412742615	0.0000000000000000
291	336499342.2007882595062256	0.0000000000000000
292	335847799.6969202160835266	0.0000000000000000
293	335196436.7727636098861694	0.0000000000000000
294	334540498.8849945068359375	0.0000000000000000
295	333884312.0867493152618408	0.0000000000000000
296	333227296.4338497519493103	0.0000000000000000
297	332571872.0669215321540833	0.0000000000000000
298	331914207.4615925550460815	0.0000000000000000
299	331252798.7551909089088440	0.0000000000000000
300	330591776.5419762134552002	0.0000000000000000
301	329931471.9369000196456909	0.0000000000000000
302	329267692.3851036429405212	0.0000000000000000
303	328600635.5978518724441528	0.0000000000000000
304	327935829.9921355247497559	0.0000000000000000
305	327272386.3812869787216187	0.0000000000000000
306	326605551.9645487666130066	0.0000000000000000
307	325936321.4208734631538391	0.0000000000000000
308	325267157.6098359823226929	0.0000000000000000
309	324596139.2667347192764282	0.0000000000000000
310	323927066.5219517350196838	0.0000000000000000
311	323256429.6506888866424561	0.0000000000000000
312	322585012.6032794713973999	0.0000000000000000
313	321911947.5582534670829773	0.0000000000000000
314	321233149.2796976566314697	0.0000000000000000
315	320560086.7127569317817688	0.0000000000000000
316	319880183.5490674376487732	0.0000000000000000
317	319201760.2835827469825745	0.0000000000000000
318	318521993.9355250000953674	0.0000000000000000
319	317839367.8283106088638306	0.0000000000000000
320	317159289.9444030523300171	0.0000000000000000
321	316474201.1620326042175293	0.0000000000000000
322	315789971.6322280764579773	0.0000000000000000
323	315106682.3545670509338379	0.0000000000000000
324	314423706.3665148019790649	0.0000000000000000
325	313736100.8655955791473389	0.0000000000000000
326	313050915.2225268483161926	0.0000000000000000
327	312366400.1915075182914734	0.0000000000000000
328	311680379.0725829601287842	0.0000000000000000
329	310991817.8113330006599426	0.0000000000000000
330	310300874.2169002890586853	0.0000000000000000
331	309608191.1999515295028687	0.0000000000000000
332	308915711.8208512067794800	0.0000000000000000
333	308227476.6388010382652283	0.0000000000000000
334	307547829.6882488131523132	0.0000000000000000
335	306857697.0334673523902893	0.0000000000000000
336	306165285.2804319262504578	0.0000000000000000
337	305472964.8044890761375427	0.0000000000000000
338	304778572.1434158086776733	0.0000000000000000
339	304079876.5064882636070251	0.0000000000000000
340	303385420.9733839631080627	0.0000000000000000
341	302691440.6735716462135315	0.0000000000000000
342	301993462.6579118371009827	0.0000000000000000
343	301296009.5430870652198792	0.0000000000000000
344	300594864.3486986160278320	0.0000000000000000
345	299894302.0102487802505493	0.0000000000000000
346	299191853.1476476192474365	0.0000000000000000
347	298488068.6436017155647278	0.0000000000000000
348	297782563.7805185914039612	0.0000000000000000
349	297077662.2750075459480286	0.0000000000000000
350	296377183.5131337642669678	0.0000000000000000
351	295678707.1264337897300720	0.0000000000000000
352	294974540.6859372258186340	0.0000000000000000
353	294269891.9713382720947266	0.0000000000000000
354	293562666.1120341420173645	0.0000000000000000
355	292853802.8251600861549377	0.0000000000000000
356	292144998.5137236118316650	0.0000000000000000
357	291435506.2239437103271484	0.0000000000000000
358	290732164.1522045135498047	0.0000000000000000
359	290023822.5535269975662231	0.0000000000000000
360	289314457.6299559473991394	0.0000000000000000
361	288606541.7494389414787292	0.0000000000000000
362	287896202.3559393286705017	0.0000000000000000
363	287182552.5364107489585876	0.0000000000000000
364	286470901.4591309428215027	0.0000000000000000
365	285758968.3838961720466614	0.0000000000000000
366	285046232.7862638235092163	0.0000000000000000
367	284333970.8457593917846680	0.0000000000000000
368	283622990.1387165784835815	0.0000000000000000
369	282909584.3273341059684753	0.0000000000000000
370	282193884.5161675810813904	0.0000000000000000
371	281480186.8831712007522583	0.0000000000000000
372	280766323.7144439816474915	0.0000000000000000
373	280050630.6652508974075317	0.0000000000000000
374	279339855.2846617698669434	0.0000000000000000
375	278626141.9353783726692200	0.0000000000000000
376	277913297.7137980461120605	0.0000000000000000
377	277195157.6627092957496643	0.0000000000000000
378	276476248.4434384703636169	0.0000000000000000
379	275761159.0734547376632690	0.0000000000000000
380	275039383.3494459390640259	0.0000000000000000
381	274317754.0525577068328857	0.0000000000000000
382	273595766.7264632582664490	0.0000000000000000
383	272876673.1125670075416565	0.0000000000000000
384	272155666.7234716415405273	0.0000000000000000
385	271437810.8820349574089050	0.0000000000000000
386	270716804.4624805450439453	0.0000000000000000
387	269989196.7183800339698792	0.0000000000000000
388	269268537.8426338434219360	0.0000000000000000
389	268545970.0955008864402771	0.0000000000000000
390	267824273.1520201563835144	0.0000000000000000
391	267104253.1810730397701263	0.0000000000000000
392	266377405.4832467734813690	0.0000000000000000
393	265647186.6691357493400574	0.0000000000000000
394	264918374.8863330483436584	0.0000000000000000
395	264193615.7094683051109314	0.0000000000000000
396	263470615.8188968896865845	0.0000000000000000
397	262743372.2338577508926392	0.0000000000000000
398	262015182.5328899323940277	0.0000000000000000
399	261287003.9416059851646423	0.0000000000000000
400	260556654.6743942797183990	0.0000000000000000
401	259825477.0787017047405243	0.0000000000000000
402	259095595.1445355713367462	0.0000000000000000
403	258363442.3677319586277008	0.0000000000000000
404	257632949.6926407814025879	0.0000000000000000
405	256898511.2474130392074585	0.0000000000000000
406	256167380.2427331507205963	0.0000000000000000
407	255428534.6851762235164642	0.0000000000000000
408	254694827.6648416817188263	0.0000000000000000
409	253964339.3689818680286407	0.0000000000000000
410	253233796.4332958459854126	0.0000000000000000
411	252499989.6185223758220673	0.0000000000000000
412	251769084.3732927739620209	0.0000000000000000
413	251034769.4014190137386322	0.0000000000000000
414	250299940.7315388321876526	0.0000000000000000
415	249562323.9381082952022552	0.0000000000000000
416	248828602.3940667212009430	0.0000000000000000
417	248091461.6630569994449615	0.0000000000000000
418	247353279.6522915065288544	0.0000000000000000
419	246616369.8256066441535950	0.0000000000000000
420	245877815.3545531630516052	0.0000000000000000
421	245143734.3186360299587250	0.0000000000000000
422	244405783.9298809766769409	0.0000000000000000
423	243669473.9680720269680023	0.0000000000000000
424	242927708.3800190985202789	0.0000000000000000
425	242187536.9526476263999939	0.0000000000000000
426	241447125.7159944176673889	0.0000000000000000
427	240710786.8974856436252594	0.0000000000000000
428	239972108.7970266938209534	0.0000000000000000
429	239238248.2444604039192200	0.0000000000000000
430	238501249.3890592157840729	0.0000000000000000
431	237765432.6821791827678680	0.0000000000000000
432	237025987.5432593524456024	0.0000000000000000
433	236286269.9120022058486938	0.0000000000000000
434	235546296.8480861186981201	0.0000000000000000
435	234805044.1488572955131531	0.0000000000000000
436	234068400.6927140355110168	0.0000000000000000
437	233328300.3416474759578705	0.0000000000000000
438	232593879.6136966943740845	0.0000000000000000
439	231860123.7420293986797333	0.0000000000000000
440	231119824.5473057925701141	0.0000000000000000
441	230380296.1820952892303467	0.0000000000000000
442	229642542.3554182946681976	0.0000000000000000
443	228902014.4501403272151947	0.0000000000000000
444	228158475.8280079662799835	0.0000000000000000
445	227420136.9836910367012024	0.0000000000000000
446	226680582.5863906145095825	0.0000000000000000
447	225940040.2948250770568848	0.0000000000000000
448	225197764.8277872800827026	0.0000000000000000
449	224455928.5971341431140900	0.0000000000000000
450	223715418.1868233978748322	0.0000000000000000
451	222967959.4919171333312988	0.0000000000000000
452	222222140.6985790133476257	0.0000000000000000
453	221474211.4025510251522064	0.0000000000000000
454	220726106.3049931824207306	0.0000000000000000
455	219977206.9485721588134766	0.0000000000000000
456	219231695.6104978322982788	0.0000000000000000
457	218488211.0367133319377899	0.0000000000000000
458	217741401.6549203693866730	0.0000000000000000
459	217000691.2591722905635834	0.0000000000000000
460	216262217.4352030158042908	0.0000000000000000
461	215518488.8200929462909698	0.0000000000000000
462	214776804.7469702363014221	0.0000000000000000
463	214036055.3883376121520996	0.0000000000000000
464	213295562.2022386789321899	0.0000000000000000
465	212551217.1562968492507935	0.0000000000000000
466	211812766.0620488524436951	0.0000000000000000
467	211075267.6825923919677734	0.0000000000000000
468	210335431.5404914319515228	0.0000000000000000
469	209591101.7315221428871155	0.0000000000000000
470	208852339.2862769365310669	0.0000000000000000
471	208114748.7591015100479126	0.0000000000000000
472	207374297.9206556081771851	0.0000000000000000
473	206629525.5740229487419128	0.0000000000000000
474	205887282.3275787532329559	0.0000000000000000
475	205148927.2002385556697845	0.0000000000000000
476	204407030.7182546854019165	0.0000000000000000
477	203663918.2516822218894958	0.0000000000000000
478	202924040.6600483357906342	0.0000000000000000
479	202183219.7845533490180969	0.0000000000000000
480	201442518.8661759495735168	0.0000000000000000
481	200703138.7429472804069519	0.0000000000000000
482	199964088.9016456305980682	0.0000000000000000
483	199226651.5954155027866364	0.0000000000000000
484	198488562.6783760488033295	0.0000000000000000
485	197747857.1293830275535583	0.0000000000000000
486	197005906.8919767141342163	0.0000000000000000
487	196271106.3864254653453827	0.0000000000000000
488	195532403.2934429645538330	0.0000000000000000
489	194791723.3462066650390625	0.0000000000000000
490	194051956.1888081729412079	0.0000000000000000
491	193313454.6578482389450073	0.0000000000000000
492	192577487.7490433752536774	0.0000000000000000
493	191841676.9006626307964325	0.0000000000000000
494	191104457.8363176882266998	0.0000000000000000
495	190366255.1624061763286591	0.0000000000000000
496	189628440.4678213894367218	0.0000000000000000
497	188896094.6079927682876587	0.0000000000000000
498	188163825.6474830508232117	0.0000000000000000
499	187435201.1743898093700409	0.0000000000000000
500	186705159.0385386943817139	0.0000000000000000
501	185973090.8648992776870728	0.0000000000000000
502	185234907.2444727718830109	0.0000000000000000
503	184499152.2919151186943054	0.0000000000000000
504	183762869.6469143629074097	0.0000000000000000
505	183027976.2249127030372620	0.0000000000000000
506	182298868.1077821254730225	0.0000000000000000
507	181567057.7594783604145050	0.0000000000000000
508	180835743.7442842423915863	0.0000000000000000
509	180107494.6218182146549225	0.0000000000000000
510	179377020.0581831037998199	0.0000000000000000
511	178645212.7880251407623291	0.0000000000000000
512	177910623.3782789707183838	0.0000000000000000
513	177178645.9529616236686707	0.0000000000000000
514	176447779.1394578814506531	0.0000000000000000
515	175720168.9725971817970276	0.0000000000000000
516	174989903.0290467739105225	0.0000000000000000
517	174260638.0121712088584900	0.0000000000000000
518	173530751.2194132208824158	0.0000000000000000
519	172805538.7216254174709320	0.0000000000000000
520	172076315.5074690878391266	0.0000000000000000
521	171350752.4855948388576508	0.0000000000000000
522	170627880.6863961815834045	0.0000000000000000
523	169907031.8740766942501068	0.0000000000000000
524	169185477.9944681525230408	0.0000000000000000
525	168466910.6713628470897675	0.0000000000000000
526	167742012.7147285938262939	0.0000000000000000
527	167023337.8465784788131714	0.0000000000000000
528	166307171.4893573224544525	0.0000000000000000
529	165586106.7210566103458405	0.0000000000000000
530	164863229.4547505378723145	0.0000000000000000
531	164142883.1584523618221283	0.0000000000000000
532	163420767.0918765664100647	0.0000000000000000
533	162703010.8293034732341766	0.0000000000000000
534	161989171.8338971734046936	0.0000000000000000
535	161273197.5553904771804810	0.0000000000000000
536	160562997.8968479633331299	0.0000000000000000
537	159847968.5118868052959442	0.0000000000000000
538	159135124.3898266255855560	0.0000000000000000
539	158425664.5282370150089264	0.0000000000000000
540	157710596.6073483228683472	0.0000000000000000
541	156999094.0006818175315857	0.0000000000000000
542	156284969.6642100214958191	0.0000000000000000
543	155573208.9810349643230438	0.0000000000000000
544	154855416.0760430395603180	0.0000000000000000
545	154139696.7772409915924072	0.0000000000000000
546	153426596.2632845640182495	0.0000000000000000
547	152719833.2782217860221863	0.0000000000000000
548	152013908.2531366050243378	0.0000000000000000
549	151308586.2204787433147430	0.0000000000000000
550	150601230.8055316209793091	0.0000000000000000
551	149897963.2851925790309906	0.0000000000000000
552	149194011.1197623908519745	0.0000000000000000
553	148491947.1632792353630066	0.0000000000000000
554	147788502.1589009165763855	0.0000000000000000
555	147092850.3744899630546570	0.0000000000000000
556	146394027.2367911338806152	0.0000000000000000
557	145693086.2620999515056610	0.0000000000000000
558	144996324.3360549807548523	0.0000000000000000
559	144296926.2760688066482544	0.0000000000000000
560	143598925.7925678789615631	0.0000000000000000
561	142904163.5424120724201202	0.0000000000000000
562	142211785.8907241225242615	0.0000000000000000
563	141519152.5161063969135284	0.0000000000000000
564	140826115.4378588497638702	0.0000000000000000
565	140137010.5204411447048187	0.0000000000000000
566	139442926.5828609466552734	0.0000000000000000
567	138751591.6900782883167267	0.0000000000000000
568	138059760.1321774423122406	0.0000000000000000
569	137376553.5965704023838043	0.0000000000000000
570	136690775.0288288593292236	0.0000000000000000
571	136004405.3631414175033569	0.0000000000000000
572	135320314.3035462796688080	0.0000000000000000
573	134636506.5227707028388977	0.0000000000000000
574	133958164.0676324516534805	0.0000000000000000
575	133276913.0027699768543243	0.0000000000000000
576	132598134.5432214736938477	0.0000000000000000
577	131920598.5010359585285187	0.0000000000000000
578	131243326.1903830170631409	0.0000000000000000
579	130569336.5944991260766983	0.0000000000000000
580	129895804.1995637267827988	0.0000000000000000
581	129220131.1718404293060303	0.0000000000000000
582	128544254.9062194079160690	0.0000000000000000
583	127869331.3105805665254593	0.0000000000000000
584	127196354.7734195441007614	0.0000000000000000
585	126526853.7657553106546402	0.0000000000000000
586	125856859.5036075860261917	0.0000000000000000
587	125193139.3115032166242599	0.0000000000000000
588	124530923.3444531708955765	0.0000000000000000
589	123868920.9843886196613312	0.0000000000000000
590	123206828.8410145640373230	0.0000000000000000
591	122544678.1842106133699417	0.0000000000000000
592	121882532.5052969455718994	0.0000000000000000
593	121225590.0352436453104019	0.0000000000000000
594	120571997.2555444240570068	0.0000000000000000
595	119917145.4146798402070999	0.0000000000000000
596	119263756.1634705811738968	0.0000000000000000
597	118609600.2906463295221329	0.0000000000000000
598	117959285.3629670739173889	0.0000000000000000
599	117309508.9276127368211746	0.0000000000000000
600	116660650.2719044983386993	0.0000000000000000
601	116016492.6340187191963196	0.0000000000000000
602	115373935.8145792633295059	0.0000000000000000
603	114735119.7919844985008240	0.0000000000000000
604	114095364.7308346629142761	0.0000000000000000
605	113457812.3002575039863586	0.0000000000000000
606	112820301.0519864857196808	0.0000000000000000
607	112188153.1151779592037201	0.0000000000000000
608	111554272.8816050440073013	0.0000000000000000
609	110923270.6356806457042694	0.0000000000000000
610	110295413.6862568557262421	0.0000000000000000
611	109668238.9406138211488724	0.0000000000000000
612	109042128.6718725711107254	0.0000000000000000
613	108413491.6611285358667374	0.0000000000000000
614	107792226.4362908899784088	0.0000000000000000
615	107167921.3293975144624710	0.0000000000000000
616	106543643.8916133046150208	0.0000000000000000
617	105925623.7196930646896362	0.0000000000000000
618	105303626.6083611845970154	0.0000000000000000
619	104685500.3447491377592087	0.0000000000000000
620	104068068.6839107275009155	0.0000000000000000
621	103458995.0219187587499619	0.0000000000000000
622	102849563.8826517760753632	0.0000000000000000
623	102237500.4846602380275726	0.0000000000000000
624	101630959.4036840796470642	0.0000000000000000
625	101021717.6498096883296967	0.0000000000000000
626	100418103.9030416160821915	0.0000000000000000
627	99813442.0387153476476669	0.0000000000000000
628	99210350.7855891436338425	0.0000000000000000
629	98607059.0683123618364334	0.0000000000000000
630	98012674.4518016874790192	0.0000000000000000
631	97418686.8547703921794891	0.0000000000000000
632	96824115.3770270347595215	0.0000000000000000
633	96228263.0920259803533554	0.0000000000000000
634	95639159.6541227102279663	0.0000000000000000
635	95052944.9283363968133926	0.0000000000000000
636	94466626.5954356789588928	0.0000000000000000
637	93882583.2138305306434631	0.0000000000000000
638	93298325.4533046931028366	0.0000000000000000
639	92716191.2252447456121445	0.0000000000000000
640	92140884.7429147362709045	0.0000000000000000
641	91569972.3745271265506744	0.0000000000000000
642	91000459.4129178971052170	0.0000000000000000
643	90433706.8725560009479523	0.0000000000000000
644	89864485.6979350745677948	0.0000000000000000
645	89298028.6626133769750595	0.0000000000000000
646	88735449.4639363437891006	0.0000000000000000
647	88177680.3382503539323807	0.0000000000000000
648	87618389.0744739323854446	0.0000000000000000
649	87070705.5321394056081772	0.0000000000000000
650	86519531.5596020221710205	0.0000000000000000
651	85967564.8886070847511292	0.0000000000000000
652	85419547.2709164023399353	0.0000000000000000
653	84875330.6092314422130585	0.0000000000000000
654	84331521.4558212161064148	0.0000000000000000
655	83787172.6896144896745682	0.0000000000000000
656	83243530.8701189011335373	0.0000000000000000
657	82703690.3762251585721970	0.0000000000000000
658	82168652.3884789645671844	0.0000000000000000
659	81633766.1372042745351791	0.0000000000000000
660	81103680.9622342735528946	0.0000000000000000
661	80571926.3957099765539169	0.0000000000000000
662	80044525.7733940482139587	0.0000000000000000
663	79523219.8842547684907913	0.0000000000000000
664	79005269.5621801316738129	0.0000000000000000
665	78490151.3711860030889511	0.0000000000000000
666	77974660.8579319566488266	0.0000000000000000
667	77460218.5249515771865845	0.0000000000000000
668	76949911.3984128236770630	0.0000000000000000
669	76446385.6167106628417969	0.0000000000000000
670	75941760.5339718908071518	0.0000000000000000
671	75440070.2779240161180496	0.0000000000000000
672	74935601.5510562658309937	0.0000000000000000
673	74428599.5289781540632248	0.0000000000000000
674	73928948.5137918442487717	0.0000000000000000
675	73431351.9007134437561035	0.0000000000000000
676	72933207.7098582834005356	0.0000000000000000
677	72438789.6202688664197922	0.0000000000000000
678	71947240.4607710540294647	0.0000000000000000
679	71456330.2955254912376404	0.0000000000000000
680	70967757.8896880000829697	0.0000000000000000
681	70478733.9433064609766006	0.0000000000000000
682	69995588.4709918349981308	0.0000000000000000
683	69518083.5995821803808212	0.0000000000000000
684	69039767.3588735759258270	0.0000000000000000
685	68568911.3866259604692459	0.0000000000000000
686	68098864.7191295921802521	0.0000000000000000
687	67630127.1386543810367584	0.0000000000000000
688	67163306.7236683219671249	0.0000000000000000
689	66698328.2605731636285782	0.0000000000000000
690	66235155.9252700656652451	0.0000000000000000
691	65773520.3427719026803970	0.0000000000000000
692	65310655.1749027147889137	0.0000000000000000
693	64846254.3772447332739830	0.0000000000000000
694	64386418.4626160264015198	0.0000000000000000
695	63932247.5903727337718010	0.0000000000000000
696	63482743.9997408092021942	0.0000000000000000
697	63036368.6813904792070389	0.0000000000000000
698	62590694.8609051555395126	0.0000000000000000
699	62149035.2214235663414001	0.0000000000000000
700	61707168.2358223795890808	0.0000000000000000
701	61268386.6916893348097801	0.0000000000000000
702	60833695.7780519276857376	0.0000000000000000
703	60400975.5190833732485771	0.0000000000000000
704	59970519.2941647246479988	0.0000000000000000
705	59542715.4754698351025581	0.0000000000000000
706	59119070.3844259828329086	0.0000000000000000
707	58696978.5751114413142204	0.0000000000000000
708	58277168.6561562493443489	0.0000000000000000
709	57861196.6139720752835274	0.0000000000000000
710	57447242.5443818941712379	0.0000000000000000
711	57030783.7649409174919128	0.0000000000000000
712	56618697.1312014162540436	0.0000000000000000
713	56207376.2258429452776909	0.0000000000000000
714	55800143.4330045357346535	0.0000000000000000
715	55393335.3024290204048157	0.0000000000000000
716	54987717.9630358368158340	0.0000000000000000
717	54587738.7871550992131233	0.0000000000000000
718	54192336.7069470509886742	0.0000000000000000
719	53796178.6293437778949738	0.0000000000000000
720	53403001.7621319591999054	0.0000000000000000
721	53008089.0759472772479057	0.0000000000000000
722	52617598.6189310401678085	0.0000000000000000
723	52226253.8214576542377472	0.0000000000000000
724	51836392.2333146333694458	0.0000000000000000
725	51449182.6387655362486839	0.0000000000000000
726	51063840.4847475886344910	0.0000000000000000
727	50680558.2903604656457901	0.0000000000000000
728	50298811.7098072320222855	0.0000000000000000
729	49922119.7684278711676598	0.0000000000000000
730	49547228.6894029229879379	0.0000000000000000
731	49176006.1371255591511726	0.0000000000000000
732	48808377.6900125741958618	0.0000000000000000
733	48439518.1995625197887421	0.0000000000000000
734	48073864.6028138622641563	0.0000000000000000
735	47704062.5129795148968697	0.0000000000000000
736	47339497.1546209976077080	0.0000000000000000
737	46982366.8252934888005257	0.0000000000000000
738	46626150.0386718809604645	0.0000000000000000
739	46272301.2648492306470871	0.0000000000000000
740	45925579.3721512705087662	0.0000000000000000
741	45577031.3681622520089149	0.0000000000000000
742	45225532.7733790576457977	0.0000000000000000
743	44877798.0681913122534752	0.0000000000000000
744	44534615.2527621984481812	0.0000000000000000
745	44194356.6793719828128815	0.0000000000000000
746	43851919.9478141292929649	0.0000000000000000
747	43516905.1589604988694191	0.0000000000000000
748	43178493.1058529093861580	0.0000000000000000
749	42840758.1176649183034897	0.0000000000000000
750	42503514.9490905776619911	0.0000000000000000
751	42169849.9974210932850838	0.0000000000000000
752	41839804.6579853296279907	0.0000000000000000
753	41510599.0105696693062782	0.0000000000000000
754	41183378.9808500856161118	0.0000000000000000
755	40856226.5668510422110558	0.0000000000000000
756	40531304.3234597146511078	0.0000000000000000
757	40210811.4358240440487862	0.0000000000000000
758	39889683.7689559012651443	0.0000000000000000
759	39573055.0197459757328033	0.0000000000000000
760	39257200.8881916105747223	0.0000000000000000
761	38941893.3949348926544189	0.0000000000000000
762	38630808.7864232361316681	0.0000000000000000
763	38319930.3386374413967133	0.0000000000000000
764	38011825.1782539561390877	0.0000000000000000
765	37707485.4946165606379509	0.0000000000000000
766	37401178.6005440130829811	0.0000000000000000
767	37095982.5145703405141830	0.0000000000000000
768	36791191.5090880542993546	0.0000000000000000
769	36491319.3931267708539963	0.0000000000000000
770	36193278.2112383022904396	0.0000000000000000
771	35895263.6608729735016823	0.0000000000000000
772	35598381.7172571420669556	0.0000000000000000
773	35303601.7374245077371597	0.0000000000000000
774	35009278.3862776234745979	0.0000000000000000
775	34721083.6991309076547623	0.0000000000000000
776	34433011.3521817550063133	0.0000000000000000
777	34144605.6806455105543137	0.0000000000000000
778	33860984.4051552787423134	0.0000000000000000
779	33574058.4084381088614464	0.0000000000000000
780	33290185.2838920913636684	0.0000000000000000
781	33009841.9119670279324055	0.0000000000000000
782	32728817.2539125122129917	0.0000000000000000
783	32447613.9801810458302498	0.0000000000000000
784	32171130.3194565363228321	0.0000000000000000
785	31896821.2232346050441265	0.0000000000000000
786	31623922.6565629504621029	0.0000000000000000
787	31354748.9032073691487312	0.0000000000000000
788	31085955.1445284374058247	0.0000000000000000
789	30818557.9708219952881336	0.0000000000000000
790	30550997.1622314155101776	0.0000000000000000
791	30280157.1740157715976238	0.0000000000000000
792	30015006.0517106354236603	0.0000000000000000
793	29753300.3402815125882626	0.0000000000000000
794	29492675.0705472603440285	0.0000000000000000
795	29235537.9120512343943119	0.0000000000000000
796	28978059.8597636893391609	0.0000000000000000
797	28721102.5018462426960468	0.0000000000000000
798	28467988.0870796740055084	0.0000000000000000
799	28210930.9815056808292866	0.0000000000000000
800	27956930.8317750990390778	0.0000000000000000
801	27706751.9614678435027599	0.0000000000000000
802	27459705.0378641895949841	0.0000000000000000
803	27209515.2084732279181480	0.0000000000000000
804	26961989.3737863712012768	0.0000000000000000
805	26715713.5056714899837971	0.0000000000000000
806	26469895.3913798891007900	0.0000000000000000
807	26225748.7289938330650330	0.0000000000000000
808	25983816.7591188885271549	0.0000000000000000
809	25744266.7898145057260990	0.0000000000000000
810	25509919.2202690541744232	0.0000000000000000
811	25272977.5891125574707985	0.0000000000000000
812	25036399.5003767199814320	0.0000000000000000
813	24801106.5374259948730469	0.0000000000000000
814	24565184.8827737160027027	0.0000000000000000
815	24332807.7150684446096420	0.0000000000000000
816	24101932.7738573290407658	0.0000000000000000
817	23872220.8177621737122536	0.0000000000000000
818	23647452.0041257478296757	0.0000000000000000
819	23421054.8719917796552181	0.0000000000000000
820	23195046.3466616347432137	0.0000000000000000
821	22973757.1905903220176697	0.0000000000000000
822	22753158.3599353134632111	0.0000000000000000
823	22530890.9910655431449413	0.0000000000000000
824	22311984.5057044811546803	0.0000000000000000
825	22093105.7228820882737637	0.0000000000000000
826	21874621.9345591589808464	0.0000000000000000
827	21660954.1636506132781506	0.0000000000000000
828	21449387.5609009638428688	0.0000000000000000
829	21238423.3465306796133518	0.0000000000000000
830	21028941.6198887117207050	0.0000000000000000
831	20819046.9891859181225300	0.0000000000000000
832	20609397.2531789131462574	0.0000000000000000
833	20404185.8814952820539474	0.0000000000000000
834	20199071.6691025942564011	0.0000000000000000
835	19995231.8538920879364014	0.0000000000000000
836	19790091.1006569117307663	0.0000000000000000
837	19588543.5683710798621178	0.0000000000000000
838	19388892.9666284509003162	0.0000000000000000
839	19187751.9636828973889351	0.0000000000000000
840	18990053.2699929922819138	0.0000000000000000
841	18793541.1124841421842575	0.0000000000000000
842	18597054.0007588192820549	0.0000000000000000
843	18403875.1570755504071712	0.0000000000000000
844	18211200.0987444221973419	0.0000000000000000
845	18020757.1554509960114956	0.0000000000000000
846	17831871.0766486637294292	0.0000000000000000
847	17643065.1936441622674465	0.0000000000000000
848	17456248.8293769881129265	0.0000000000000000
849	17270090.5264777876436710	0.0000000000000000
850	17085348.7440853975713253	0.0000000000000000
851	16902863.9305437505245209	0.0000000000000000
852	16721287.4139077328145504	0.0000000000000000
853	16539957.6620662771165371	0.0000000000000000
854	16356767.5429672934114933	0.0000000000000000
855	16176805.9690158274024725	0.0000000000000000
856	15996549.6425020154565573	0.0000000000000000
857	15817763.6683899331837893	0.0000000000000000
858	15643013.7318967971950769	0.0000000000000000
859	15469946.2465392295271158	0.0000000000000000
860	15295113.1446731444448233	0.0000000000000000
861	15119922.1716488134115934	0.0000000000000000
862	14948326.0616714451462030	0.0000000000000000
863	14778962.5735084395855665	0.0000000000000000
864	14611899.2356450669467449	0.0000000000000000
865	14447429.8721809927374125	0.0000000000000000
866	14286937.7563868835568428	0.0000000000000000
867	14123672.4899598434567451	0.0000000000000000
868	13962731.7745080199092627	0.0000000000000000
869	13801348.4209345523267984	0.0000000000000000
870	13642497.0025501921772957	0.0000000000000000
871	13484973.1938502825796604	0.0000000000000000
872	13327785.6056296639144421	0.0000000000000000
873	13173853.0794185157865286	0.0000000000000000
874	13021642.4436988364905119	0.0000000000000000
875	12870499.1660785377025604	0.0000000000000000
876	12721033.8612374514341354	0.0000000000000000
877	12572710.1558168679475784	0.0000000000000000
878	12426138.9620361272245646	0.0000000000000000
879	12278826.7173269931226969	0.0000000000000000
880	12133365.7429687157273293	0.0000000000000000
881	11986440.9976903144270182	0.0000000000000000
882	11841278.5990584325045347	0.0000000000000000
883	11696272.0952402949333191	0.0000000000000000
884	11554118.7437150832265615	0.0000000000000000
885	11415019.6934520229697227	0.0000000000000000
886	11275994.7267358023673296	0.0000000000000000
887	11136768.6414669919759035	0.0000000000000000
888	11000398.5789238754659891	0.0000000000000000
889	10864504.1833988819271326	0.0000000000000000
890	10730323.9414501246064901	0.0000000000000000
891	10595497.4215496536344290	0.0000000000000000
892	10462828.1271107159554958	0.0000000000000000
893	10331655.4401269219815731	0.0000000000000000
894	10201487.7327941749244928	0.0000000000000000
895	10071487.2913595531135798	0.0000000000000000
896	9944454.3542097043246031	0.0000000000000000
897	9818930.2494025807827711	0.0000000000000000
898	9693989.7421611975878477	0.0000000000000000
899	9570240.0463084112852812	0.0000000000000000
900	9448952.9257469754666090	0.0000000000000000
901	9330114.4918532650917768	0.0000000000000000
902	9211016.7810691650956869	0.0000000000000000
903	9092758.6295682713389397	0.0000000000000000
904	8975241.0964047592133284	0.0000000000000000
905	8859582.9747528675943613	0.0000000000000000
906	8746636.7035686839371920	0.0000000000000000
907	8636204.9131533764302731	0.0000000000000000
908	8528179.8401905409991741	0.0000000000000000
909	8419440.7809253074228764	0.0000000000000000
910	8309666.2788195805624127	0.0000000000000000
911	8200631.7590922201052308	0.0000000000000000
912	8092140.5404335483908653	0.0000000000000000
913	7984188.5673571564257145	0.0000000000000000
914	7878219.7440394740551710	0.0000000000000000
915	7773657.4920411631464958	0.0000000000000000
916	7669078.7243831073865294	0.0000000000000000
917	7567103.1433795839548111	0.0000000000000000
918	7466018.7135086478665471	0.0000000000000000
919	7366745.6058594789355993	0.0000000000000000
920	7270847.1297404430806637	0.0000000000000000
921	7175506.4491900159046054	0.0000000000000000
922	7081292.8154775705188513	0.0000000000000000
923	6986463.9545610295608640	0.0000000000000000
924	6892238.5282027507200837	0.0000000000000000
925	6800773.3051918055862188	0.0000000000000000
926	6708147.5421505467966199	0.0000000000000000
927	6616158.0890647182241082	0.0000000000000000
928	6527390.8982448652386665	0.0000000000000000
929	6437130.4651886457577348	0.0000000000000000
930	6345650.1313031986355782	0.0000000000000000
931	6255387.7700469670817256	0.0000000000000000
932	6166209.7011792333796620	0.0000000000000000
933	6079751.9910090062767267	0.0000000000000000
934	5994441.6172839608043432	0.0000000000000000
935	5910669.4830685621127486	0.0000000000000000
936	5826651.5682882042601705	0.0000000000000000
937	5743149.0025070132687688	0.0000000000000000
938	5660322.1095234863460064	0.0000000000000000
939	5580842.3428468713536859	0.0000000000000000
940	5504384.1460743797942996	0.0000000000000000
941	5427135.6668125307187438	0.0000000000000000
942	5351480.2207204233855009	0.0000000000000000
943	5274987.7106144176796079	0.0000000000000000
944	5200065.5781947188079357	0.0000000000000000
945	5127237.5656733196228743	0.0000000000000000
946	5055402.0366411255672574	0.0000000000000000
947	4982375.4767277361825109	0.0000000000000000
948	4910435.6424639644101262	0.0000000000000000
949	4839811.9066448593512177	0.0000000000000000
950	4770574.7599786808714271	0.0000000000000000
951	4700505.4806921323761344	0.0000000000000000
952	4630317.7377686416730285	0.0000000000000000
953	4564265.6674104006960988	0.0000000000000000
954	4498686.4904388971626759	0.0000000000000000
955	4434584.9312060717493296	0.0000000000000000
956	4372387.6019251039251685	0.0000000000000000
957	4311286.3815537206828594	0.0000000000000000
958	4250177.3810012340545654	0.0000000000000000
959	4189306.7079617073759437	0.0000000000000000
960	4128017.0047607510350645	0.0000000000000000
961	4068784.7365234661847353	0.0000000000000000
962	4012693.2520808791741729	0.0000000000000000
963	3957144.4669282292015851	0.0000000000000000
964	3901200.3900260990485549	0.0000000000000000
965	3845868.3435427048243582	0.0000000000000000
966	3789672.9188941004686058	0.0000000000000000
967	3734632.2584098917432129	0.0000000000000000
968	3682055.9474918833002448	0.0000000000000000
969	3629480.6287481612525880	0.0000000000000000
970	3576823.1397329322062433	0.0000000000000000
971	3524359.1466050874441862	0.0000000000000000
972	3474868.2597569893114269	0.0000000000000000
973	3425461.6260387902148068	0.0000000000000000
974	3375613.2745154164731503	0.0000000000000000
975	3326071.8636672049760818	0.0000000000000000
976	3278930.8103118804283440	0.0000000000000000
977	3231614.6122165485285223	0.0000000000000000
978	3185365.8432398247532547	0.0000000000000000
979	3138004.4904768890701234	0.0000000000000000
980	3091370.4527263212949038	0.0000000000000000
981	3046700.5383559409528971	0.0000000000000000
982	3003456.6010698410682380	0.0000000000000000
983	2961233.1380628235638142	0.0000000000000000
984	2918413.0711492211557925	0.0000000000000000
985	2876177.6926168389618397	0.0000000000000000
986	2833776.1084043267183006	0.0000000000000000
987	2791060.9209461165592074	0.0000000000000000
988	2750199.1800696393474936	0.0000000000000000
989	2709687.8846408277750015	0.0000000000000000
990	2669216.4041386707685888	0.0000000000000000
991	2629061.4785308530554175	0.0000000000000000
992	2589901.2997857537120581	0.0000000000000000
993	2551974.4205629415810108	0.0000000000000000
994	2514366.3658791589550674	0.0000000000000000
995	2477674.5988743975758553	0.0000000000000000
996	2441316.4514933605678380	0.0000000000000000
997	2405439.1564812781289220	0.0000000000000000
998	2368723.9356795176863670	0.0000000000000000
999	2332229.5546606974676251	0.0000000000000000
1000	2296527.6363999992609024	0.0000000000000000
1001	2261982.4723509624600410	0.0000000000000000
1002	2228289.3586872555315495	0.0000000000000000
1003	2194871.0035661365836859	0.0000000000000000
1004	2162295.9325621509924531	0.0000000000000000
1005	2131035.6895473450422287	0.0000000000000000
1006	2099566.4019997948780656	0.0000000000000000
1007	2067200.3514868505299091	0.0000000000000000
1008	2034921.9723509394098073	0.0000000000000000
1009	2004538.0415024128742516	0.0000000000000000
1010	1974463.5110284413676709	0.0000000000000000
1011	1944110.2303175702691078	0.0000000000000000
1012	1914402.0241392436437309	0.0000000000000000
1013	1884931.1834697825834155	0.0000000000000000
1014	1855443.1934006218798459	0.0000000000000000
1015	1827696.7061728374101222	0.0000000000000000
1016	1801081.7362515227869153	0.0000000000000000
1017	1775240.4466134533286095	0.0000000000000000
1018	1749109.6105117993429303	0.0000000000000000
1019	1723729.4456587187014520	0.0000000000000000
1020	1699002.3199940596241504	0.0000000000000000
1021	1673545.5683642560616136	0.0000000000000000
1022	1648268.1694903082679957	0.0000000000000000
1023	1623336.7069044718518853	0.0000000000000000
1024	1598849.4533450240269303	0.0000000000000000
1025	1575050.4708083216100931	0.0000000000000000
1026	1551241.1910215052776039	0.0000000000000000
1027	1528639.5691547205206007	0.0000000000000000
1028	1506131.3132029699627310	0.0000000000000000
1029	1483592.6345367603935301	0.0000000000000000
1030	1461877.7580024593044072	0.0000000000000000
1031	1439144.3536003457847983	0.0000000000000000
1032	1416136.8111857853364199	0.0000000000000000
1033	1395054.5043873991817236	0.0000000000000000
1034	1373940.9674799274653196	0.0000000000000000
1035	1353642.7097501673270017	0.0000000000000000
1036	1332846.5574543552938849	0.0000000000000000
1037	1313213.0857181604951620	0.0000000000000000
1038	1292799.0992198670282960	0.0000000000000000
1039	1273013.2943845500703901	0.0000000000000000
1040	1253597.0133992398623377	0.0000000000000000
1041	1234484.3051929618231952	0.0000000000000000
1042	1215998.8648912543430924	0.0000000000000000
1043	1196993.9083220299798995	0.0000000000000000
1044	1178689.3491149542387575	0.0000000000000000
1045	1160014.2555539347231388	0.0000000000000000
1046	1141096.4225260352250189	0.0000000000000000
1047	1123263.9670971145387739	0.0000000000000000
1048	1105713.9984509546775371	0.0000000000000000
1049	1088778.3241063111927360	0.0000000000000000
1050	1072222.6896495812106878	0.0000000000000000
1051	1055639.0702917356975377	0.0000000000000000
1052	1039397.5221775291720405	0.0000000000000000
1053	1024080.1620873683132231	0.0000000000000000
1054	1008701.7180459962692112	0.0000000000000000
1055	994095.7982493034796789	0.0000000000000000
1056	979676.8998634833842516	0.0000000000000000
1057	965966.2272247807122767	0.0000000000000000
1058	951475.5662674847990274	0.0000000000000000
1059	936800.7706103199161589	0.0000000000000000
1060	921893.7506721551762894	0.0000000000000000
1061	907309.0631210848223418	0.0000000000000000
1062	892639.2938565008807927	0.0000000000000000
1063	878069.1537821376696229	0.0000000000000000
1064	863360.0759565081680194	0.0000000000000000
1065	848906.2296514988411218	0.0000000000000000
1066	835034.1471615536138415	0.0000000000000000
1067	821556.2736079208552837	0.0000000000000000
1068	808686.0747922410955653	0.0000000000000000
1069	796123.9622713786084205	0.0000000000000000
1070	782890.5009077955037355	0.0000000000000000
1071	770497.4407288439106196	0.0000000000000000
1072	758053.2987581783672795	0.0000000000000000
1073	745445.7185565831605345	0.0000000000000000
1074	733321.2906721266917884	0.0000000000000000
1075	722545.4940952380420640	0.0000000000000000
1076	711016.1084581319009885	0.0000000000000000
1077	699679.3392144847894087	0.0000000000000000
1078	689017.0974002154543996	0.0000000000000000
1079	678137.9010024265153334	0.0000000000000000
1080	667572.3498224843060598	0.0000000000000000
1081	657630.8393568495521322	0.0000000000000000
1082	647341.6089354647556320	0.0000000000000000
1083	637288.6546846304554492	0.0000000000000000
1084	627487.0184333833167329	0.0000000000000000
1085	618355.2854972206987441	0.0000000000000000
1086	608312.7304803985171020	0.0000000000000000
1087	598731.3539512663846835	0.0000000000000000
1088	589637.7445411682128906	0.0000000000000000
1089	580625.9072192563908175	0.0000000000000000
1090	571574.7617762419395149	0.0000000000000000
1091	562708.0756983336759731	0.0000000000000000
1092	553801.3122946252115071	0.0000000000000000
1093	545070.0146820229711011	0.0000000000000000
1094	535676.9080637117149308	0.0000000000000000
1095	526799.1568512913072482	0.0000000000000000
1096	518104.3316798932501115	0.0000000000000000
1097	509642.9539304912323132	0.0000000000000000
1098	501887.6658902203198522	0.0000000000000000
1099	493551.3093453808687627	0.0000000000000000
1100	485138.4971680020098574	0.0000000000000000
1101	476754.3072758749476634	0.0000000000000000
1102	468130.3490669502061792	0.0000000000000000
1103	460445.1675242597120814	0.0000000000000000
1104	452445.2505040325922891	0.0000000000000000
1105	445434.1991919210995547	0.0000000000000000
1106	438529.2773484263452701	0.0000000000000000
1107	431343.0187081610783935	0.0000000000000000
1108	424050.3221214231452905	0.0000000000000000
1109	417106.3496003416366875	0.0000000000000000
1110	410616.0193669279688038	0.0000000000000000
1111	404007.4293767576455139	0.0000000000000000
1112	397358.9875999378855340	0.0000000000000000
1113	390956.6293739926186390	0.0000000000000000
1114	384281.8389727169997059	0.0000000000000000
1115	378360.2547475810279138	0.0000000000000000
1116	372110.5110093225375749	0.0000000000000000
1117	365845.1013506868039258	0.0000000000000000
1118	359628.0220123609178700	0.0000000000000000
1119	353232.5215961209614761	0.0000000000000000
1120	347442.7901562506449409	0.0000000000000000
1121	341407.6323019862174988	0.0000000000000000
1122	335553.1404212120105512	0.0000000000000000
1123	330359.7046794042689726	0.0000000000000000
1124	324900.8134356666123495	0.0000000000000000
1125	319621.1331102486583404	0.0000000000000000
1126	314555.8571275979629718	0.0000000000000000
1127	309140.4745964993489906	0.0000000000000000
1128	304392.5143457333906554	0.0000000000000000
1129	299636.7212598226033151	0.0000000000000000
1130	294651.5582526019425131	0.0000000000000000
1131	289450.9369888314977288	0.0000000000000000
1132	284380.5629794003907591	0.0000000000000000
1133	279642.1044115014374256	0.0000000000000000
1134	274665.2497052822727710	0.0000000000000000
1135	269787.2877558090258390	0.0000000000000000
1136	265674.5426389717031270	0.0000000000000000
1137	261536.0555210871098097	0.0000000000000000
1138	257397.2095397406374104	0.0000000000000000
1139	253086.5613986381795257	0.0000000000000000
1140	249087.0359640830138233	0.0000000000000000
1141	244322.0190714880009182	0.0000000000000000
1142	240144.5231974971829914	0.0000000000000000
1143	236669.5241298729670234	0.0000000000000000
1144	232558.1838065558113158	0.0000000000000000
1145	228744.5827122311457060	0.0000000000000000
1146	225339.2748015671386383	0.0000000000000000
1147	221486.1748461325769313	0.0000000000000000
1148	217841.4852425803837832	0.0000000000000000
1149	214857.3739902943198103	0.0000000000000000
1150	211705.3830814816465136	0.0000000000000000
1151	208066.9808929519786034	0.0000000000000000
1152	204596.9075255111674778	0.0000000000000000
1153	201142.6279346791561693	0.0000000000000000
1154	197523.9535130397998728	0.0000000000000000
1155	194097.8366822373063769	0.0000000000000000
1156	191004.7961001546063926	0.0000000000000000
1157	187980.7134558633551933	0.0000000000000000
1158	184894.0338035676395521	0.0000000000000000
1159	181636.7056319114926737	0.0000000000000000
1160	178807.5978047525277361	0.0000000000000000
1161	176176.0916143022477627	0.0000000000000000
1162	173197.4105731747695245	0.0000000000000000
1163	170595.7319355496438220	0.0000000000000000
1164	168162.2516412762342952	0.0000000000000000
1165	165295.0735262249654625	0.0000000000000000
1166	162744.2872433043958154	0.0000000000000000
1167	159900.2418808554066345	0.0000000000000000
1168	157408.1218760723422747	0.0000000000000000
1169	155007.8633512965170667	0.0000000000000000
1170	152535.6896917240810581	0.0000000000000000
1171	150267.0147847482585348	0.0000000000000000
1172	147829.6817407626076601	0.0000000000000000
1173	145377.2446895450993907	0.0000000000000000
1174	142714.9261775669874623	0.0000000000000000
1175	140246.6095501731033437	0.0000000000000000
1176	138304.4297236566490028	0.0000000000000000
1177	136243.2834364474983886	0.0000000000000000
1178	134283.8918712520389818	0.0000000000000000
1179	132227.2740505870897323	0.0000000000000000
1180	130033.9207482993660960	0.0000000000000000
1181	128022.8805714251793688	0.0000000000000000
1182	126171.0401662049116567	0.0000000000000000
1183	124270.8047202541929437	0.0000000000000000
1184	122320.7433894232526654	0.0000000000000000
1185	120140.8512585288845003	0.0000000000000000
1186	118250.3235723113466520	0.0000000000000000
1187	116164.3564246718597133	0.0000000000000000
1188	114310.4999116316903383	0.0000000000000000
1189	112433.3420415468281135	0.0000000000000000
1190	110661.5521713271446060	0.0000000000000000
1191	108888.4487419372308068	0.0000000000000000
1192	106964.5289431954151951	0.0000000000000000
1193	105562.0361426886229310	0.0000000000000000
1194	104277.5722354355530115	0.0000000000000000
1195	102734.3062825789966155	0.0000000000000000
1196	101466.0047789435484447	0.0000000000000000
1197	100094.3763399814779405	0.0000000000000000
1198	98619.2207989897869993	0.0000000000000000
1199	96993.4281565415294608	0.0000000000000000
1200	95491.3980625001568114	0.0000000000000000
1201	94227.8823625486402307	0.0000000000000000
1202	92727.1080023237009300	0.0000000000000000
1203	91352.3222595164115774	0.0000000000000000
1204	90013.3893097639956977	0.0000000000000000
1205	88293.2504342253814684	0.0000000000000000
1206	86786.1307879627420334	0.0000000000000000
1207	85548.6451191009109607	0.0000000000000000
1208	84590.0809037896688096	0.0000000000000000
1209	83292.5171407821180765	0.0000000000000000
1210	81951.9547271536575863	0.0000000000000000
1211	80519.3733520133682759	0.0000000000000000
1212	79080.3603331917547621	0.0000000000000000
1213	77923.8705606631701812	0.0000000000000000
1214	77037.4458777410764014	0.0000000000000000
1215	75864.5368932368583046	0.0000000000000000
1216	74680.1831868489534827	0.0000000000000000
1217	73482.5435376874665963	0.0000000000000000
1218	72202.4339724788878812	0.0000000000000000
1219	71020.9356507601041812	0.0000000000000000
1220	70102.8070360116253141	0.0000000000000000
1221	69120.5096803840715438	0.0000000000000000
1222	68053.6512975572259165	0.0000000000000000
1223	67156.8743957960541593	0.0000000000000000
1224	66197.0339095746894600	0.0000000000000000
1225	65098.2429653327053529	0.0000000000000000
1226	64079.0245217182819033	0.0000000000000000
1227	63062.6963968687559827	0.0000000000000000
1228	62161.4074170419626171	0.0000000000000000
1229	61501.1406412326687132	0.0000000000000000
1230	60822.6228780135497800	0.0000000000000000
1231	60094.8607677680047345	0.0000000000000000
1232	59116.8004637291305698	0.0000000000000000
1233	58226.3553742327785585	0.0000000000000000
1234	57505.7994565383560257	0.0000000000000000
1235	56732.1895515101496130	0.0000000000000000
1236	55995.9018838312040316	0.0000000000000000
1237	55262.5222093206466525	0.0000000000000000
1238	54451.8457464675593656	0.0000000000000000
1239	53541.6680274083410040	0.0000000000000000
1240	52729.1834722227285965	0.0000000000000000
1241	52094.9298500165386940	0.0000000000000000
1242	51479.7097624917150824	0.0000000000000000
1243	50705.5829076730224187	0.0000000000000000
1244	50096.7087015518191038	0.0000000000000000
1245	49427.2128307881794171	0.0000000000000000
1246	48833.4386510902768350	0.0000000000000000
1247	48169.3846190881522489	0.0000000000000000
1248	47496.5945086525825900	0.0000000000000000
1249	46833.2562885033257771	0.0000000000000000
1250	46203.5785224487844971	0.0000000000000000
1251	45655.9528411099163350	0.0000000000000000
1252	45067.5419226458325284	0.0000000000000000
1253	44416.5800812233865145	0.0000000000000000
1254	43740.3158391532633686	0.0000000000000000
1255	43143.1196723384709912	0.0000000000000000
1256	42714.4698823684011586	0.0000000000000000
1257	42243.3743083245281014	0.0000000000000000
1258	41785.4924079197735409	0.0000000000000000
1259	41304.9347528839716688	0.0000000000000000
1260	40676.6126730102841975	0.0000000000000000
1261	40250.5336622554459609	0.0000000000000000
1262	39909.7006232264538994	0.0000000000000000
1263	39392.8540358727914281	0.0000000000000000
1264	38905.5814554979442619	0.0000000000000000
1265	38333.0223301403675578	0.0000000000000000
1266	37775.5026713043916970	0.0000000000000000
1267	37186.3391138876686455	0.0000000000000000
1268	36668.8657279722319799	0.0000000000000000
1269	36214.9915207050507888	0.0000000000000000
1270	35757.2438016521191457	0.0000000000000000
1271	35259.1150488251441857	0.0000000000000000
1272	34780.0128457758182776	0.0000000000000000
1273	34340.3674494294100441	0.0000000000000000
1274	33860.1775941889354726	0.0000000000000000
1275	33376.5490177510218928	0.0000000000000000
1276	33035.8853833254179335	0.0000000000000000
1277	32698.0596765998998308	0.0000000000000000
1278	32420.6043748317497375	0.0000000000000000
1279	32018.7761376538182958	0.0000000000000000
1280	31619.2120117190752353	0.0000000000000000
1281	31275.6736863829246431	0.0000000000000000
1282	30877.9649539188430936	0.0000000000000000
1283	30516.4828488692546671	0.0000000000000000
1284	30169.2705395764605782	0.0000000000000000
1285	29714.6900881840410875	0.0000000000000000
1286	29257.1223984740463493	0.0000000000000000
1287	28951.4850411866646027	0.0000000000000000
1288	28623.9452662722142122	0.0000000000000000
1289	28278.5366879991961468	0.0000000000000000
1290	27961.3159209152618132	0.0000000000000000
1291	27678.0017595128738321	0.0000000000000000
1292	27321.7658648180440650	0.0000000000000000
1293	27008.5074006086178997	0.0000000000000000
1294	26730.6078858555119950	0.0000000000000000
1295	26448.2889653324637038	0.0000000000000000
1296	26106.6818624475963588	0.0000000000000000
1297	25735.7593264279894356	0.0000000000000000
1298	25494.2732774875548785	0.0000000000000000
1299	25257.7250802973867394	0.0000000000000000
1300	24936.0244444438649225	0.0000000000000000
1301	24626.1538461535965325	0.0000000000000000
1302	24323.6418967620411422	0.0000000000000000
1303	23987.2590551992034307	0.0000000000000000
1304	23656.1385477537878614	0.0000000000000000
1305	23324.2896868714051379	0.0000000000000000
1306	23023.3775510197665426	0.0000000000000000
1307	22736.1908816649010987	0.0000000000000000
1308	22463.5362169267427817	0.0000000000000000
1309	22205.1661529744160362	0.0000000000000000
1310	21978.6715101075569692	0.0000000000000000
1311	21673.7787023618584499	0.0000000000000000
1312	21352.9569830246364290	0.0000000000000000
1313	21039.8373295784404036	0.0000000000000000
1314	20779.9896082945961098	0.0000000000000000
1315	20491.5085995687732066	0.0000000000000000
1316	20206.7566207108684466	0.0000000000000000
1317	19974.6377529989840696	0.0000000000000000
1318	19617.9093858460510091	0.0000000000000000
1319	19291.0329909698775737	0.0000000000000000
1320	19062.4191326525578916	0.0000000000000000
1321	18846.6882105829354259	0.0000000000000000
1322	18566.8425029761310725	0.0000000000000000
1323	18398.8597792226864840	0.0000000000000000
1324	18231.4163516069493198	0.0000000000000000
1325	18046.9832727265275025	0.0000000000000000
1326	17836.6393521224017604	0.0000000000000000
1327	17639.3544257941466640	0.0000000000000000
1328	17400.4098453721344413	0.0000000000000000
1329	17170.8745523610887176	0.0000000000000000
1330	16990.0112482855729468	0.0000000000000000
1331	16799.3925595273394720	0.0000000000000000
1332	16628.0255903312863666	0.0000000000000000
1333	16468.4013382153934799	0.0000000000000000
1334	16279.5890807839241461	0.0000000000000000
1335	16090.2178568885956338	0.0000000000000000
1336	15865.2412190084887698	0.0000000000000000
1337	15594.2636152036157000	0.0000000000000000
1338	15431.6967542686506931	0.0000000000000000
1339	15244.4043246575874946	0.0000000000000000
1340	15092.5863905330588750	0.0000000000000000
1341	14893.0366273603758600	0.0000000000000000
1342	14704.4603088755065983	0.0000000000000000
1343	14485.9149419373334240	0.0000000000000000
1344	14238.1056823730468750	0.0000000000000000
1345	14057.5730565161356935	0.0000000000000000
1346	13912.8749147495655052	0.0000000000000000
1347	13719.6575012894536485	0.0000000000000000
1348	13547.1305429585718230	0.0000000000000000
1349	13362.2439643812940631	0.0000000000000000
1350	13135.2743680006115028	0.0000000000000000
1351	12997.2234802654147643	0.0000000000000000
1352	12827.8527575437947235	0.0000000000000000
1353	12667.4428363026654552	0.0000000000000000
1354	12457.8924581933388254	0.0000000000000000
1355	12262.3406080794466106	0.0000000000000000
1356	12052.9838753020321747	0.0000000000000000
1357	11856.1709935810540628	0.0000000000000000
1358	11690.2392254622591281	0.0000000000000000
1359	11565.8009503963185125	0.0000000000000000
1360	11414.8227083326128195	0.0000000000000000
1361	11278.0961467766755959	0.0000000000000000
1362	11125.5800790897374100	0.0000000000000000
1363	10970.3134469193992118	0.0000000000000000
1364	10806.7704862112386763	0.0000000000000000
1365	10657.5517428706698411	0.0000000000000000
1366	10457.4865220246738318	0.0000000000000000
1367	10320.4371051231119054	0.0000000000000000
1368	10211.2608130208172952	0.0000000000000000
1369	10032.0463821887969971	0.0000000000000000
1370	9859.9600000007121707	0.0000000000000000
1371	9702.0068457881516224	0.0000000000000000
1372	9522.6596645114623243	0.0000000000000000
1373	9365.6536513422724965	0.0000000000000000
1374	9233.9808129068242124	0.0000000000000000
1375	9130.1569185191092402	0.0000000000000000
1376	8992.7338767535293300	0.0000000000000000
1377	8811.6288282486329990	0.0000000000000000
1378	8696.6566431288538297	0.0000000000000000
1379	8543.8782784949562483	0.0000000000000000
1380	8406.0334504132679285	0.0000000000000000
1381	8295.1424490730441903	0.0000000000000000
1382	8143.4725191478846682	0.0000000000000000
1383	7998.3681114487853847	0.0000000000000000
1384	7825.4252829213528457	0.0000000000000000
1385	7667.7225527318305467	0.0000000000000000
1386	7536.3870207007166755	0.0000000000000000
1387	7410.3507901870434580	0.0000000000000000
1388	7301.0331078682902444	0.0000000000000000
1389	7161.3268794500663716	0.0000000000000000
1390	6995.7321768705287468	0.0000000000000000
1391	6837.4391840840535224	0.0000000000000000
1392	6683.0298169385487199	0.0000000000000000
1393	6592.7326658731390125	0.0000000000000000
1394	6505.0300452444953407	0.0000000000000000
1395	6442.7148126111333113	0.0000000000000000
1396	6357.1525615152795581	0.0000000000000000
1397	6247.1498944408676834	0.0000000000000000
1398	6158.0646995400002197	0.0000000000000000
1399	6059.5235018936355118	0.0000000000000000
1400	5975.5851999994320067	0.0000000000000000
1401	5865.7992979979198935	0.0000000000000000
1402	5733.7442607896146001	0.0000000000000000
1403	5628.9771702435755287	0.0000000000000000
1404	5529.1505622664535622	0.0000000000000000
1405	5460.4729783034144930	0.0000000000000000
1406	5399.4689658836778108	0.0000000000000000
1407	5295.3017262214825678	0.0000000000000000
1408	5217.6605631510419698	0.0000000000000000
1409	5152.8720429811328358	0.0000000000000000
1410	5078.0904709140168052	0.0000000000000000
1411	5019.7056913300839369	0.0000000000000000
1412	4950.7938546849063641	0.0000000000000000
1413	4860.0114958963858953	0.0000000000000000
1414	4758.2090704127658682	0.0000000000000000
1415	4643.7575748725703306	0.0000000000000000
1416	4563.5010042528019767	0.0000000000000000
1417	4493.9251097379037674	0.0000000000000000
1418	4408.5846818020381761	0.0000000000000000
1419	4347.0553707156086602	0.0000000000000000
1420	4249.1270061736831849	0.0000000000000000
1421	4158.9994070100474346	0.0000000000000000
1422	4083.4462820353528514	0.0000000000000000
1423	4036.2642918698920766	0.0000000000000000
1424	3955.5075219525829198	0.0000000000000000
1425	3870.1856979591307208	0.0000000000000000
1426	3774.3154313647210074	0.0000000000000000
1427	3679.0059139963718735	0.0000000000000000
1428	3603.3007030831049633	0.0000000000000000
1429	3514.0550596769544427	0.0000000000000000
1430	3432.0155709346522599	0.0000000000000000
1431	3351.6543538397268094	0.0000000000000000
1432	3259.5140306128914744	0.0000000000000000
1433	3177.4906235432858921	0.0000000000000000
1434	3100.1490782407868210	0.0000000000000000
1435	3024.5237465568739026	0.0000000000000000
1436	2976.1883179656738321	0.0000000000000000
1437	2889.5756708944768434	0.0000000000000000
1438	2850.2825788755726535	0.0000000000000000
1439	2805.9627329195113816	0.0000000000000000
1440	2738.1687109378108289	0.0000000000000000
1441	2665.5183339268878626	0.0000000000000000
1442	2591.4427175135365360	0.0000000000000000
1443	2527.8842549399205382	0.0000000000000000
1444	2469.5239151879986821	0.0000000000000000
1445	2405.0921956297906945	0.0000000000000000
1446	2323.5764462803704191	0.0000000000000000
1447	2240.1626724769289467	0.0000000000000000
1448	2196.7763157891236006	0.0000000000000000
1449	2173.1427130392803519	0.0000000000000000
1450	2123.0533333328571644	0.0000000000000000
1451	2103.6460970223984077	0.0000000000000000
1452	2053.0828615773234560	0.0000000000000000
1453	2021.0766347348824183	0.0000000000000000
1454	1991.6284950268407101	0.0000000000000000
1455	1937.7407847800661784	0.0000000000000000
1456	1900.5237268520311318	0.0000000000000000
1457	1870.0349650349651256	0.0000000000000000
1458	1818.6107915098575631	0.0000000000000000
1459	1786.8871787128427968	0.0000000000000000
1460	1747.7052040810581275	0.0000000000000000
1461	1720.0525335121728858	0.0000000000000000
1462	1668.8562801926991597	0.0000000000000000
1463	1654.1932441795997875	0.0000000000000000
1464	1630.7775735287088992	0.0000000000000000
1465	1577.4042798356463209	0.0000000000000000
1466	1554.5189351744040778	0.0000000000000000
1467	1520.2524167555279746	0.0000000000000000
1468	1469.2910927456607624	0.0000000000000000
1469	1435.1935784626141412	0.0000000000000000
1470	1419.4993491121335865	0.0000000000000000
1471	1396.1188630496139922	0.0000000000000000
1472	1352.5266113281250000	0.0000000000000000
1473	1311.0462520926187153	0.0000000000000000
1474	1264.4139581760648525	0.0000000000000000
1475	1210.4516479999385865	0.0000000000000000
1476	1197.9399063470605142	0.0000000000000000
1477	1177.8588141971779351	0.0000000000000000
1478	1167.1889948932125662	0.0000000000000000
1479	1149.4878765105577259	0.0000000000000000
1480	1118.3300000001006538	0.0000000000000000
1481	1095.5112633295573232	0.0000000000000000
1482	1063.8374030444904292	0.0000000000000000
1483	1046.6629410476321027	0.0000000000000000
1484	1036.3217152195916242	0.0000000000000000
1485	1017.8049905480859252	0.0000000000000000
1486	999.3158664200434487	0.0000000000000000
1487	971.5460098677424412	0.0000000000000000
1488	940.9225924742787583	0.0000000000000000
1489	930.3321158993339850	0.0000000000000000
1490	913.0140495874632052	0.0000000000000000
1491	894.7714838816206111	0.0000000000000000
1492	858.6559499312063508	0.0000000000000000
1493	820.9113459691158141	0.0000000000000000
1494	773.4405482383815524	0.0000000000000000
1495	740.2294784581914655	0.0000000000000000
1496	726.0436390539356353	0.0000000000000000
1497	693.7688754830625157	0.0000000000000000
1498	668.5403690883561012	0.0000000000000000
1499	649.0666601320230029	0.0000000000000000
1500	611.7072000002640380	0.0000000000000000
1501	587.0106111622799290	0.0000000000000000
1502	565.5185339436195591	0.0000000000000000
1503	539.5094058875542942	0.0000000000000000
1504	523.4374999995538928	0.0000000000000000
1505	492.6360110807119099	0.0000000000000000
1506	468.2401539160497919	0.0000000000000000
1507	433.1505376344085789	0.0000000000000000
1508	403.1639886585259660	0.0000000000000000
1509	374.2514189102833484	0.0000000000000000
1510	356.4841975308020210	0.0000000000000000
1511	349.1862138617624396	0.0000000000000000
1512	334.9129648757685231	0.0000000000000000
1513	321.7496366764590334	0.0000000000000000
1514	314.3635749055179645	0.0000000000000000
1515	294.9810380628166513	0.0000000000000000
1516	283.3364512466442875	0.0000000000000000
1517	278.3115111049517054	0.0000000000000000
1518	266.6658239148070493	0.0000000000000000
1519	264.1868617584042340	0.0000000000000000
1520	267.0398437499999886	0.0000000000000000
1521	270.3279923092060812	0.0000000000000000
1522	262.7924063112806721	0.0000000000000000
1523	252.1873840451948752	0.0000000000000000
1524	248.5290858718560116	0.0000000000000000
1525	247.0341333328885867	0.0000000000000000
1526	244.0613586560569672	0.0000000000000000
1527	238.9076749852329158	0.0000000000000000
1528	229.9471450614029209	0.0000000000000000
1529	221.2537194993656442	0.0000000000000000
1530	203.2095918374435541	0.0000000000000000
1531	184.8825876909865826	0.0000000000000000
1532	170.8918685125386503	0.0000000000000000
1533	161.2477166412047325	0.0000000000000000
1534	153.3494031218400551	0.0000000000000000
1535	140.2646153849001109	0.0000000000000000
1536	141.1875000000000000	0.0000000000000000
1537	133.7548500879989604	0.0000000000000000
1538	127.9719042668814808	0.0000000000000000
1539	123.0959419514449564	0.0000000000000000
1540	118.5988888888052344	0.0000000000000000
1541	104.0815857512996274	0.0000000000000000
1542	92.7360285368370683	0.0000000000000000
1543	88.1228070170118229	0.0000000000000000
1544	77.8137755108208324	0.0000000000000000
1545	69.0413223133869565	0.0000000000000000
1546	60.2455418387404222	0.0000000000000000
1547	37.4720541115626133	0.0000000000000000
1548	24.0395710055868577	0.0000000000000000
1549	9.0991926187553496	0.0000000000000000
1550	2.2539999992807860	0.0000000000000000
1551	12.9775093717768435	0.0000000000000000
1552	19.6085069439438193	0.0000000000000000
1553	18.0262562252647385	0.0000000000000000
1554	20.5269376188010462	0.0000000000000000
1555	24.4543209879652643	0.0000000000000000
1556	18.0723140489277618	0.0000000000000000
1557	24.5565170358496232	0.0000000000000000
1558	33.3010204083645149	0.0000000000000000
1559	31.0624628196982968	0.0000000000000000
1560	21.3618749994297090	0.0000000000000000
1561	18.5719921100177245	0.0000000000000000
1562	6.3337950133213061	0.0000000000000000
1563	0.0000000002564283	0.0000000000000000
1564	-0.0000000001645175	0.0000000000000000
1565	-0.0000000002839702	0.0000000000000000
1566	-0.0000000006167444	0.0000000000000000
1567	-0.0000000002857467	0.0000000000000000
1568	0.0000000000000000	0.0000000000000000
1569	-0.0000000001896443	0.0000000000000000
1570	-0.0000000001091394	0.0000000000000000
1571	-0.0000000001630818	0.0000000000000000
1572	-0.0000000002208773	0.0000000000000000
1573	0.0000000005901610	0.0000000000000000
1574	-0.0000000001080200	0.0000000000000000
1575	0.0000000002892921	0.0000000000000000
1576	-0.0000000004905208	0.0000000000000000
1577	-0.0000000005112151	0.0000000000000000
1578	0.0000000003995162	0.0000000000000000
1579	0.0000000006291971	0.0000000000000000
1580	-0.0000000002932211	0.0000000000000000
1581	-0.0000000005414844	0.0000000000000000
1582	-0.0000000004899145	0.0000000000000000
1583	0.0000000001729110	0.0000000000000000
1584	0.0000000000000000	0.0000000000000000
1585	0.0000000001959658	0.0000000000000000
1586	0.0000000004199267	0.0000000000000000
1587	0.0000000004522288	0.0000000000000000
1588	-0.0000000004899145	0.0000000000000000
1589	0.0000000002672261	0.0000000000000000
1590	-0.0000000002939487	0.0000000000000000
1591	0.0000000004899145	0.0000000000000000
1592	0.0000000000000000	0.0000000000000000
1593	0.0000000000000000	0.0000000000000000
1594	0.0000000000000000	0.0000000000000000
1595	-0.0000000005878974	0.0000000000000000
1596	0.0000000000000000	0.0000000000000000
1597	0.0000000000000000	0.0000000000000000
1598	0.0000000000000000	0.0000000000000000
1599	0.0000000000000000	0.0000000000000000
