0	463292243.5066986083984375	0.0000000000000000
1	463177367.8108282685279846	0.0000000000000000
2	463067999.5722044706344604	0.0000000000000000
3	462958073.4706848859786987	0.0000000000000000
4	462847484.6971414685249329	0.0000000000000000
5	462735574.9838855266571045	0.0000000000000000
6	462620171.0492737889289856	0.0000000000000000
7	462505978.5020900368690491	0.0000000000000000
8	462389032.4883525967597961	0.0000000000000000
9	462273438.4772262573242188	0.0000000000000000
10	462159829.3749150633811951	0.0000000000000000
11	462043665.6472494006156921	0.0000000000000000
12	461925707.3257670402526855	0.0000000000000000
13	461801774.8569661378860474	0.0000000000000000
14	461680065.0034188032150269	0.0000000000000000
15	461553291.3416663408279419	0.0000000000000000
16	461428542.5944814682006836	0.0000000000000000
17	461298076.0265970230102539	0.0000000000000000
18	461164689.7295322418212891	0.0000000000000000
19	461032057.2235152721405029	0.0000000000000000
20	460900955.0742062926292419	0.0000000000000000
21	460768456.5690305233001709	0.0000000000000000
22	460634156.0308249592781067	0.0000000000000000
23	460496506.7561790943145752	0.0000000000000000
24	460356312.7701464891433716	0.0000000000000000
25	460217724.9309417009353638	0.0000000000000000
26	460073109.8362738490104675	0.0000000000000000
27	459932430.1462490558624268	0.0000000000000000
28	459787586.8883237838745117	0.0000000000000000
29	459644800.0472672581672668	0.0000000000000000
30	459498260.1096363663673401	0.0000000000000000
31	459348901.2618977427482605	0.0000000000000000
32	459200035.9725735187530518	0.0000000000000000
33	459049582.4652744531631470	0.0000000000000000
34	458896804.3157446980476379	0.0000000000000000
35	458738507.6386103630065918	0.0000000000000000
36	458584610.4752191305160522	0.0000000000000000
37	458429311.7821273207664490	0.0000000000000000
38	458271337.1024789214134216	0.0000000000000000
39	458113795.6707153916358948	0.0000000000000000
40	457952815.8390597701072693	0.0000000000000000
41	457794375.5198514461517334	0.0000000000000000
42	457635060.6789541840553284	0.0000000000000000
43	457470245.8141864538192749	0.0000000000000000
44	457306354.9610329866409302	0.0000000000000000
45	457142369.2972242832183838	0.0000000000000000
46	456974404.1563444733619690	0.0000000000000000
47	456802526.2125918865203857	0.0000000000000000
48	456629289.4660571813583374	0.0000000000000000
49	456454101.1690272688865662	0.0000000000000000
50	456279104.8870802521705627	0.0000000000000000
51	456105166.0489115118980408	0.0000000000000000
52	455924682.8206222057342529	0.0000000000000000
53	455746142.5650189518928528	0.0000000000000000
54	455563896.9452580213546753	0.0000000000000000
55	455381918.1802979707717896	0.0000000000000000
56	455197527.8689711093902588	0.0000000000000000
57	455010153.1689082980155945	0.0000000000000000
58	454820872.8220574855804443	0.0000000000000000
59	454635384.1146851181983948	0.0000000000000000
60	454448858.0246124863624573	0.0000000000000000
61	454260362.0675932168960571	0.0000000000000000
62	454075960.1709039807319641	0.0000000000000000
63	453881100.1926147937774658	0.0000000000000000
64	453682368.5119110345840454	0.0000000000000000
65	453482436.0237759351730347	0.0000000000000000
66	453284161.3299308419227600	0.0000000000000000
67	453082879.6754685640335083	0.0000000000000000
68	452881350.8711811304092407	0.0000000000000000
69	452678496.7575173974037170	0.0000000000000000
70	452477717.7380828261375427	0.0000000000000000
71	452272605.1470395922660828	0.0000000000000000
72	452059976.5554352998733521	0.0000000000000000
73	451849719.2322213053703308	0.0000000000000000
74	451639833.7685537934303284	0.0000000000000000
75	451426386.0290389657020569	0.0000000000000000
76	451208668.6806551218032837	0.0000000000000000
77	450994535.7082386612892151	0.0000000000000000
78	450785288.3410635590553284	0.0000000000000000
79	450569815.9525310993194580	0.0000000000000000
80	450356127.3401336073875427	0.0000000000000000
81	450138138.4243330955505371	0.0000000000000000
82	449917047.0759558677673340	0.0000000000000000
83	449695008.6680120825767517	0.0000000000000000
84	449471938.2568756937980652	0.0000000000000000
85	449249393.6264734268188477	0.0000000000000000
86	449023543.3596722483634949	0.0000000000000000
87	448795247.6411735415458679	0.0000000000000000
88	448564319.9698264002799988	0.0000000000000000
89	448332963.5725573301315308	0.0000000000000000
90	448100381.9632689952850342	0.0000000000000000
91	447867878.8358288407325745	0.0000000000000000
92	447633438.5480574965476990	0.0000000000000000
93	447397561.6343524456024170	0.0000000000000000
94	447162682.8393012285232544	0.0000000000000000
95	446926316.5779302120208740	0.0000000000000000
96	446692045.8084254264831543	0.0000000000000000
97	446455001.6723970770835876	0.0000000000000000
98	446211565.5808780193328857	0.0000000000000000
99	445967577.9423704147338867	0.0000000000000000
100	445723503.9805986285209656	0.0000000000000000
101	445480651.5577542781829834	0.0000000000000000
102	445236056.2795316576957703	0.0000000000000000
103	444981756.6337985992431641	0.0000000000000000
104	444729612.6366273164749146	0.0000000000000000
105	444478857.1026962399482727	0.0000000000000000
106	444225972.6916189193725586	0.0000000000000000
107	443973052.5928288102149963	0.0000000000000000
108	443720209.0307670831680298	0.0000000000000000
109	443467546.1165120601654053	0.0000000000000000
110	443206567.7370139956474304	0.0000000000000000
111	442945313.5358616113662720	0.0000000000000000
112	442683973.6614854931831360	0.0000000000000000
113	442420589.8182426691055298	0.0000000000000000
114	442156572.2266935110092163	0.0000000000000000
115	441891659.9220005273818970	0.0000000000000000
116	441629937.2712591290473938	0.0000000000000000
117	441364237.8669944405555725	0.0000000000000000
118	441095802.6158057451248169	0.0000000000000000
119	440824910.4656534194946289	0.0000000000000000
120	440552946.9773955345153809	0.0000000000000000
121	440281849.7914096117019653	0.0000000000000000
122	440004889.8757568597793579	0.0000000000000000
123	439730480.5507989525794983	0.0000000000000000
124	439454106.9162415862083435	0.0000000000000000
125	439174215.9974083304405212	0.0000000000000000
126	438890363.4608305096626282	0.0000000000000000
127	438606199.0428485870361328	0.0000000000000000
128	438322507.0085815191268921	0.0000000000000000
129	438040104.3035690784454346	0.0000000000000000
130	437756304.5460661649703979	0.0000000000000000
131	437470319.5611416101455688	0.0000000000000000
132	437179062.0198093652725220	0.0000000000000000
133	436884855.7762741446495056	0.0000000000000000
134	436593254.4613686203956604	0.0000000000000000
135	436302557.7383994460105896	0.0000000000000000
136	436013380.4171069264411926	0.0000000000000000
137	435724265.4810395836830139	0.0000000000000000
138	435425148.9194326996803284	0.0000000000000000
139	435131451.0721400380134583	0.0000000000000000
140	434831992.9759240746498108	0.0000000000000000
141	434532650.3688537478446960	0.0000000000000000
142	434229782.8024812936782837	0.0000000000000000
143	433931760.7377195954322815	0.0000000000000000
144	433629370.9903362989425659	0.0000000000000000
145	433325264.9359893798828125	0.0000000000000000
146	433017322.3027493953704834	0.0000000000000000
147	432708976.3364370465278625	0.0000000000000000
148	432397426.9502220153808594	0.0000000000000000
149	432089277.1607308983802795	0.0000000000000000
150	431780017.2902457714080811	0.0000000000000000
151	431468506.2820743918418884	0.0000000000000000
152	431155657.4627577662467957	0.0000000000000000
153	430837951.5398399233818054	0.0000000000000000
154	430517612.1587058901786804	0.0000000000000000
155	430197347.1639670133590698	0.0000000000000000
156	429876045.9682934880256653	0.0000000000000000
157	429553492.1267340183258057	0.0000000000000000
158	429232343.0462768077850342	0.0000000000000000
159	428911926.9559534788131714	0.0000000000000000
160	428590028.7231255769729614	0.0000000000000000
161	428270231.2909999489784241	0.0000000000000000
162	427949568.9489066600799561	0.0000000000000000
163	427626152.7078962326049805	0.0000000000000000
164	427302645.6129246950149536	0.0000000000000000
165	426977058.1761193275451660	0.0000000000000000
166	426646298.9807981252670288	0.0000000000000000
167	426312888.4809213876724243	0.0000000000000000
168	425983861.7337414622306824	0.0000000000000000
169	425648322.8737649321556091	0.0000000000000000
170	425313569.0839532613754272	0.0000000000000000
171	424981883.9502691626548767	0.0000000000000000
172	424646291.6355097889900208	0.0000000000000000
173	424306609.5758864879608154	0.0000000000000000
174	423961235.8507089614868164	0.0000000000000000
175	423619560.0755378007888794	0.0000000000000000
176	423277804.1800674200057983	0.0000000000000000
177	422933036.5732897520065308	0.0000000000000000
178	422585827.0441192984580994	0.0000000000000000
179	422240562.2633777856826782	0.0000000000000000
180	421895379.3186631202697754	0.0000000000000000
181	421549111.4524003863334656	0.0000000000000000
182	421205821.5737953186035156	0.0000000000000000
183	420861720.3702816963195801	0.0000000000000000
184	420508660.1771917939186096	0.0000000000000000
185	420157751.8587028384208679	0.0000000000000000
186	419808718.3525294065475464	0.0000000000000000
187	419455238.7058911323547363	0.0000000000000000
188	419100879.3794395923614502	0.0000000000000000
189	418744769.4830189347267151	0.0000000000000000
190	418385322.9344354867935181	0.0000000000000000
191	418026117.2790870666503906	0.0000000000000000
192	417664869.2183020114898682	0.0000000000000000
193	417305033.7169511914253235	0.0000000000000000
194	416940766.3367714881896973	0.0000000000000000
195	416578613.6305263638496399	0.0000000000000000
196	416214187.1456338763237000	0.0000000000000000
197	415849763.1776964664459229	0.0000000000000000
198	415487318.6534708738327026	0.0000000000000000
199	415123210.1575527191162109	0.0000000000000000
200	414755184.1673598885536194	0.0000000000000000
201	414385775.0520204305648804	0.0000000000000000
202	414015119.5851187705993652	0.0000000000000000
203	413647232.9926769137382507	0.0000000000000000
204	413274882.5062608718872070	0.0000000000000000
205	412901339.2149898409843445	0.0000000000000000
206	412525445.2109284400939941	0.0000000000000000
207	412148391.9424561858177185	0.0000000000000000
208	411767469.1007404327392578	0.0000000000000000
209	411389090.5771687626838684	0.0000000000000000
210	411011146.4133320450782776	0.0000000000000000
211	410631567.6647796630859375	0.0000000000000000
212	410255916.6561100482940674	0.0000000000000000
213	409873594.7527445554733276	0.0000000000000000
214	409492786.3628706932067871	0.0000000000000000
215	409107425.5666068792343140	0.0000000000000000
216	408719719.6334347128868103	0.0000000000000000
217	408333979.3641209602355957	0.0000000000000000
218	407950016.2927538752555847	0.0000000000000000
219	407560547.3687959313392639	0.0000000000000000
220	407168968.7440747022628784	0.0000000000000000
221	406780651.2936276793479919	0.0000000000000000
222	406391424.8115639090538025	0.0000000000000000
223	405998897.1445184946060181	0.0000000000000000
224	405605535.0351568460464478	0.0000000000000000
225	405212396.5186541676521301	0.0000000000000000
226	404820273.3328297734260559	0.0000000000000000
227	404423068.6519907712936401	0.0000000000000000
228	404021635.0119155645370483	0.0000000000000000
229	403617726.0774090290069580	0.0000000000000000
230	403216332.2698947191238403	0.0000000000000000
231	402815784.5616553425788879	0.0000000000000000
232	402417495.1384639739990234	0.0000000000000000
233	402016115.1997204422950745	0.0000000000000000
234	401616792.0016625523567200	0.0000000000000000
235	401216355.8968641161918640	0.0000000000000000
236	400810475.4311209321022034	0.0000000000000000
237	400406002.1467109322547913	0.0000000000000000
238	399999781.6161531209945679	0.0000000000000000
239	399591600.2087357044219971	0.0000000000000000
240	399184641.1622146964073181	0.0000000000000000
241	398773362.2772709727287292	0.0000000000000000
242	398359218.7269532680511475	0.0000000000000000
243	397947438.8668339252471924	0.0000000000000000
244	397534726.0104621052742004	0.0000000000000000
245	397115695.7129328250885010	0.0000000000000000
246	396698606.9508534073829651	0.0000000000000000
247	396288973.1596697568893433	0.0000000000000000
248	395876289.3761464357376099	0.0000000000000000
249	395460500.2600788474082947	0.0000000000000000
250	395046263.3388758897781372	0.0000000000000000
251	394628811.5648110508918762	0.0000000000000000
252	394207132.6797442436218262	0.0000000000000000
253	393786325.8113752603530884	0.0000000000000000
254	393361599.8936381936073303	0.0000000000000000
255	392937807.1451714634895325	0.0000000000000000
256	392514074.2041789293289185	0.0000000000000000
257	392090205.6083025932312012	0.0000000000000000
258	391664615.0698521733283997	0.0000000000000000
259	391235306.0448415875434875	0.0000000000000000
260	390806231.8411930799484253	0.0000000000000000
261	390375565.8966233134269714	0.0000000000000000
262	389943765.4116713404655457	0.0000000000000000
263	389513401.4646961092948914	0.0000000000000000
264	389085609.1859037280082703	0.0000000000000000
265	388653037.4109191894531250	0.0000000000000000
266	388217989.1211364865303040	0.0000000000000000
267	387785647.4686780571937561	0.0000000000000000
268	387349776.0378891229629517	0.0000000000000000
269	386917436.2165271639823914	0.0000000000000000
270	386484221.3240892887115479	0.0000000000000000
271	386048712.5612536668777466	0.0000000000000000
272	385610239.3609418869018555	0.0000000000000000
273	385171367.9427898526191711	0.0000000000000000
274	384733131.3377880454063416	0.0000000000000000
275	384290545.9883787631988525	0.0000000000000000
276	383844147.1862882971763611	0.0000000000000000
277	383402842.0071111917495728	0.0000000000000000
278	382959555.4690649509429932	0.0000000000000000
279	382515913.6435084939002991	0.0000000000000000
280	382075014.4218496680259705	0.0000000000000000
281	381633818.6477033495903015	0.0000000000000000
282	381184993.0291889905929565	0.0000000000000000
283	380734310.4228170514106750	0.0000000000000000
284	380289337.1026257872581482	0.0000000000000000
285	379837084.6680579781532288	0.0000000000000000
286	379388386.5841410160064697	0.0000000000000000
287	378941557.6668832898139954	0.0000000000000000
288	378493271.7433242797851562	0.0000000000000000
289	378039407.1265709996223450	0.0000000000000000
290	377585432.3720992207527161	0.0000000000000000
291	377132024.4080961942672729	0.0000000000000000
292	376679602.3925570845603943	0.0000000000000000
293	376224537.7518972158432007	0.0000000000000000
294	375772348.1323503255844116	0.0000000000000000
295	375319314.7963658571243286	0.0000000000000000
296	374863892.1449616551399231	0.0000000000000000
297	374403807.7581596374511719	0.0000000000000000
298	373945026.9994326829910278	0.0000000000000000
299	373488760.2940321564674377	0.0000000000000000
300	373029622.3972000479698181	0.0000000000000000
301	372568635.7010626196861267	0.0000000000000000
302	372104414.0477637648582458	0.0000000000000000
303	371642501.7766433954238892	0.0000000000000000
304	371180565.5782237648963928	0.0000000000000000
305	370711878.0727177262306213	0.0000000000000000
306	370245048.7025524377822876	0.0000000000000000
307	369778296.4938222169876099	0.0000000000000000
308	369306531.4262819290161133	0.0000000000000000
309	368834097.9789828658103943	0.0000000000000000
310	368363394.4688964486122131	0.0000000000000000
311	367893531.8536357879638672	0.0000000000000000
312	367422506.8332373499870300	0.0000000000000000
313	366948556.1905170083045959	0.0000000000000000
314	366475306.4982730746269226	0.0000000000000000
315	366000386.7601356506347656	0.0000000000000000
316	365522999.1507493853569031	0.0000000000000000
317	365049885.8535651564598083	0.0000000000000000
318	364573067.7613090276718140	0.0000000000000000
319	364095814.0693388581275940	0.0000000000000000
320	363621270.5591959953308105	0.0000000000000000
321	363138958.1417027711868286	0.0000000000000000
322	362658814.0427100658416748	0.0000000000000000
323	362180123.7217276692390442	0.0000000000000000
324	361698721.2684887647628784	0.0000000000000000
325	361220704.4369793534278870	0.0000000000000000
326	360740992.6441384553909302	0.0000000000000000
327	360258810.3643257021903992	0.0000000000000000
328	359776753.3844771981239319	0.0000000000000000
329	359296213.7149599790573120	0.0000000000000000
330	358810856.2171557545661926	0.0000000000000000
331	358324088.0949839949607849	0.0000000000000000
332	357840727.3741120100021362	0.0000000000000000
333	357357647.5544372797012329	0.0000000000000000
334	356869539.2296361327171326	0.0000000000000000
335	356383077.6266401410102844	0.0000000000000000
336	355888099.8144130110740662	0.0000000000000000
337	355398453.2638140916824341	0.0000000000000000
338	354911390.9358837008476257	0.0000000000000000
339	354417159.8107305169105530	0.0000000000000000
340	353924986.3739150762557983	0.0000000000000000
341	353435218.8136785030364990	0.0000000000000000
342	352942308.0257436037063599	0.0000000000000000
343	352449331.5969765186309814	0.0000000000000000
344	351956461.5775867104530334	0.0000000000000000
345	351462894.2683670520782471	0.0000000000000000
346	350966589.0649284124374390	0.0000000000000000
347	350469971.1607499718666077	0.0000000000000000
348	349974890.1375570297241211	0.0000000000000000
349	349477930.0644570589065552	0.0000000000000000
350	348979317.5511331558227539	0.0000000000000000
351	348479761.0095618963241577	0.0000000000000000
352	347981971.1394494771957397	0.0000000000000000
353	347483011.6419947743415833	0.0000000000000000
354	346985873.0684083700180054	0.0000000000000000
355	346483825.2513123750686646	0.0000000000000000
356	345979821.0819955468177795	0.0000000000000000
357	345477250.4998247027397156	0.0000000000000000
358	344977043.8966055512428284	0.0000000000000000
359	344472456.7082045674324036	0.0000000000000000
360	343970157.8568714261054993	0.0000000000000000
361	343464436.9581994414329529	0.0000000000000000
362	342959658.3196781873703003	0.0000000000000000
363	342451824.0281446576118469	0.0000000000000000
364	341946417.0831095576286316	0.0000000000000000
365	341440106.4233459830284119	0.0000000000000000
366	340931946.2140862941741943	0.0000000000000000
367	340424356.9406666159629822	0.0000000000000000
368	339915263.4951268434524536	0.0000000000000000
369	339407691.1740894317626953	0.0000000000000000
370	338900042.1141211986541748	0.0000000000000000
371	338388030.6795642375946045	0.0000000000000000
372	337876700.6455377936363220	0.0000000000000000
373	337361360.7363646626472473	0.0000000000000000
374	336846339.8620569705963135	0.0000000000000000
375	336328491.5636937618255615	0.0000000000000000
376	335813502.7328910827636719	0.0000000000000000
377	335298438.6933982968330383	0.0000000000000000
378	334781764.0147230029106140	0.0000000000000000
379	334267366.5075515508651733	0.0000000000000000
380	333753111.0462691187858582	0.0000000000000000
381	333234762.3544347882270813	0.0000000000000000
382	332716205.6436491608619690	0.0000000000000000
383	332195075.8268486261367798	0.0000000000000000
384	331673623.4314051270484924	0.0000000000000000
385	331150381.7316920757293701	0.0000000000000000
386	330632862.3743310570716858	0.0000000000000000
387	330109310.8659399151802063	0.0000000000000000
388	329587279.4526028633117676	0.0000000000000000
389	329069835.8781088590621948	0.0000000000000000
390	328550130.3562827110290527	0.0000000000000000
391	328029465.8334875702857971	0.0000000000000000
392	327504883.2306430935859680	0.0000000000000000
393	326983310.5659164786338806	0.0000000000000000
394	326462375.8264800906181335	0.0000000000000000
395	325939351.3334237337112427	0.0000000000000000
396	325412405.3166025876998901	0.0000000000000000
397	324883299.7153665423393250	0.0000000000000000
398	324355374.1064888834953308	0.0000000000000000
399	323827867.4969116449356079	0.0000000000000000
400	323303965.4949939250946045	0.0000000000000000
401	322775633.2958723306655884	0.0000000000000000
402	322249563.2220274209976196	0.0000000000000000
403	321720139.6741110682487488	0.0000000000000000
404	321191692.5699663162231445	0.0000000000000000
405	320664107.6982319951057434	0.0000000000000000
406	320138921.2243146300315857	0.0000000000000000
407	319609975.9876779913902283	0.0000000000000000
408	319080013.2455768585205078	0.0000000000000000
409	318550406.4963498711585999	0.0000000000000000
410	318014965.8590800762176514	0.0000000000000000
411	317481886.3035982251167297	0.0000000000000000
412	316947626.4196411967277527	0.0000000000000000
413	316412749.7822608351707458	0.0000000000000000
414	315877343.7913633584976196	0.0000000000000000
415	315341998.5476066470146179	0.0000000000000000
416	314806031.0352571606636047	0.0000000000000000
417	314267969.2089147567749023	0.0000000000000000
418	313730875.1431397795677185	0.0000000000000000
419	313193857.3348203301429749	0.0000000000000000
420	312659024.9262036085128784	0.0000000000000000
421	312121822.4784549474716187	0.0000000000000000
422	311583468.4845272302627563	0.0000000000000000
423	311045755.5275467038154602	0.0000000000000000
424	310506035.9997435212135315	0.0000000000000000
425	309965228.0557031631469727	0.0000000000000000
426	309424568.9545362591743469	0.0000000000000000
427	308883837.0745397210121155	0.0000000000000000
428	308343735.2208233475685120	0.0000000000000000
429	307803719.0149685144424438	0.0000000000000000
430	307264414.7376666665077209	0.0000000000000000
431	306724065.9260509610176086	0.0000000000000000
432	306182600.3131439089775085	0.0000000000000000
433	305642815.8702242374420166	0.0000000000000000
434	305100875.9436908960342407	0.0000000000000000
435	304556240.1404970288276672	0.0000000000000000
436	304009117.9404112696647644	0.0000000000000000
437	303457843.7445946335792542	0.0000000000000000
438	302905174.0701557993888855	0.0000000000000000
439	302359068.3544566035270691	0.0000000000000000
440	301811486.7810083031654358	0.0000000000000000
441	301264363.5815317034721375	0.0000000000000000
442	300713518.9810013175010681	0.0000000000000000
443	300164393.3875392079353333	0.0000000000000000
444	299613988.5025194287300110	0.0000000000000000
445	299061267.4528954029083252	0.0000000000000000
446	298516021.4834412336349487	0.0000000000000000
447	297967308.0193743109703064	0.0000000000000000
448	297417867.3679374456405640	0.0000000000000000
449	296870350.2089766263961792	0.0000000000000000
450	296323148.4293351173400879	0.0000000000000000
451	295773043.7572095394134521	0.0000000000000000
452	295221780.8439477682113647	0.0000000000000000
453	294670749.5977884531021118	0.0000000000000000
454	294116528.2276324033737183	0.0000000000000000
455	293561342.1248539090156555	0.0000000000000000
456	293005453.5726815462112427	0.0000000000000000
457	292448530.6188655495643616	0.0000000000000000
458	291889133.5737985968589783	0.0000000000000000
459	291335137.5739562511444092	0.0000000000000000
460	290780608.8526710271835327	0.0000000000000000
461	290224167.7494300603866577	0.0000000000000000
462	289667464.3280609250068665	0.0000000000000000
463	289108540.5942435860633850	0.0000000000000000
464	288550204.5244820117950439	0.0000000000000000
465	287992933.9780427813529968	0.0000000000000000
466	287435624.2519719004631042	0.0000000000000000
467	286876873.9663484692573547	0.0000000000000000
468	286320361.5513254404067993	0.0000000000000000
469	285764289.3075079917907715	0.0000000000000000
470	285205766.3459774255752563	0.0000000000000000
471	284648568.0270603299140930	0.0000000000000000
472	284092170.9129995107650757	0.0000000000000000
473	283529541.4953383207321167	0.0000000000000000
474	282968280.1401415467262268	0.0000000000000000
475	282405708.3805783987045288	0.0000000000000000
476	281844832.2777974605560303	0.0000000000000000
477	281286388.6430260539054871	0.0000000000000000
478	280724535.0190945863723755	0.0000000000000000
479	280161455.2112450599670410	0.0000000000000000
480	279598900.9480847716331482	0.0000000000000000
481	279038489.5325314402580261	0.0000000000000000
482	278473786.9357519745826721	0.0000000000000000
483	277907698.8460964560508728	0.0000000000000000
484	277345733.4060855507850647	0.0000000000000000
485	276782514.5674380660057068	0.0000000000000000
486	276221827.6812707781791687	0.0000000000000000
487	275659295.3578745126724243	0.0000000000000000
488	275097013.4995422959327698	0.0000000000000000
489	274533585.5677447319030762	0.0000000000000000
490	273970905.8923249840736389	0.0000000000000000
491	273409293.0880085825920105	0.0000000000000000
492	272845143.6632546782493591	0.0000000000000000
493	272280566.1445443034172058	0.0000000000000000
494	271717707.9035984873771667	0.0000000000000000
495	271152612.3702703118324280	0.0000000000000000
496	270585400.3248745799064636	0.0000000000000000
497	270021373.7171055674552917	0.0000000000000000
498	269456536.0280867815017700	0.0000000000000000
499	268889864.4400436282157898	0.0000000000000000
500	268320964.0327501595020294	0.0000000000000000
501	267749125.3677584826946259	0.0000000000000000
502	267176697.5963804423809052	0.0000000000000000
503	266603647.1034320294857025	0.0000000000000000
504	266033011.4633790254592896	0.0000000000000000
505	265463641.1839940249919891	0.0000000000000000
506	264889767.0647986233234406	0.0000000000000000
507	264314678.0258289575576782	0.0000000000000000
508	263742114.0195045471191406	0.0000000000000000
509	263171297.8479263186454773	0.0000000000000000
510	262599635.9451809525489807	0.0000000000000000
511	262032013.2417205870151520	0.0000000000000000
512	261457936.1761550903320312	0.0000000000000000
513	260886393.3507736921310425	0.0000000000000000
514	260317147.0571253299713135	0.0000000000000000
515	259747197.9091585874557495	0.0000000000000000
516	259177545.7511462271213531	0.0000000000000000
517	258604228.6196047067642212	0.0000000000000000
518	258029323.7615858614444733	0.0000000000000000
519	257454680.6912073791027069	0.0000000000000000
520	256880845.4970442652702332	0.0000000000000000
521	256308356.7582905590534210	0.0000000000000000
522	255735824.6314277350902557	0.0000000000000000
523	255162515.0517591238021851	0.0000000000000000
524	254587050.4616580307483673	0.0000000000000000
525	254014001.4151012897491455	0.0000000000000000
526	253437019.6802437007427216	0.0000000000000000
527	252860535.3809348046779633	0.0000000000000000
528	252285680.2045849859714508	0.0000000000000000
529	251711821.6259542703628540	0.0000000000000000
530	251139015.8469426035881042	0.0000000000000000
531	250565381.1119911074638367	0.0000000000000000
532	249993643.3281644880771637	0.0000000000000000
533	249418205.0036942660808563	0.0000000000000000
534	248843017.9910225868225098	0.0000000000000000
535	248266261.1020719110965729	0.0000000000000000
536	247689854.1354805827140808	0.0000000000000000
537	247111935.9193593859672546	0.0000000000000000
538	246534459.6973282098770142	0.0000000000000000
539	245958820.3929087519645691	0.0000000000000000
540	245380838.4949238896369934	0.0000000000000000
541	244802093.8826882541179657	0.0000000000000000
542	244223692.8388353288173676	0.0000000000000000
543	243650418.5468301773071289	0.0000000000000000
544	243075703.9838196039199829	0.0000000000000000
545	242501882.1441937386989594	0.0000000000000000
546	241926294.0004361569881439	0.0000000000000000
547	241347502.4559161067008972	0.0000000000000000
548	240766591.6522832512855530	0.0000000000000000
549	240185921.0076465904712677	0.0000000000000000
550	239609833.6521193981170654	0.0000000000000000
551	239029658.9490001201629639	0.0000000000000000
552	238450159.5673964023590088	0.0000000000000000
553	237870707.3993204832077026	0.0000000000000000
554	237293751.7173532247543335	0.0000000000000000
555	236715929.8413117527961731	0.0000000000000000
556	236134100.4908896088600159	0.0000000000000000
557	235554523.8804740905761719	0.0000000000000000
558	234975454.7019269168376923	0.0000000000000000
559	234397627.0129393339157104	0.0000000000000000
560	233819871.6990132927894592	0.0000000000000000
561	233240376.4935739934444427	0.0000000000000000
562	232663494.8937764763832092	0.0000000000000000
563	232085870.4095426797866821	0.0000000000000000
564	231510915.7798387408256531	0.0000000000000000
565	230929934.6749537587165833	0.0000000000000000
566	230349612.0583835542201996	0.0000000000000000
567	229766096.3165220916271210	0.0000000000000000
568	229183968.8030308187007904	0.0000000000000000
569	228604758.9588019251823425	0.0000000000000000
570	228023044.8991622328758240	0.0000000000000000
571	227443144.2196096479892731	0.0000000000000000
572	226862815.9124557673931122	0.0000000000000000
573	226283104.6458498537540436	0.0000000000000000
574	225701579.5097426772117615	0.0000000000000000
575	225121186.7700826525688171	0.0000000000000000
576	224541258.2870947420597076	0.0000000000000000
577	223962064.3931127190589905	0.0000000000000000
578	223382301.1097171008586884	0.0000000000000000
579	222803540.6198713779449463	0.0000000000000000
580	222223761.7922630310058594	0.0000000000000000
581	221644959.1226240694522858	0.0000000000000000
582	221064906.9490568041801453	0.0000000000000000
583	220485163.2801003754138947	0.0000000000000000
584	219904299.9620641767978668	0.0000000000000000
585	219322515.4252565205097198	0.0000000000000000
586	218742065.9506675601005554	0.0000000000000000
587	218159921.3862872123718262	0.0000000000000000
588	217579244.5186744928359985	0.0000000000000000
589	216996975.2962759137153625	0.0000000000000000
590	216415154.0628139972686768	0.0000000000000000
591	215832596.5649090707302094	0.0000000000000000
592	215250789.2833938300609589	0.0000000000000000
593	214671304.3170668482780457	0.0000000000000000
594	214090098.4055361449718475	0.0000000000000000
595	213508829.7895164191722870	0.0000000000000000
596	212928820.3199634253978729	0.0000000000000000
597	212347453.4111928045749664	0.0000000000000000
598	211767382.8942338228225708	0.0000000000000000
599	211188297.8394141495227814	0.0000000000000000
600	210606054.5948722362518311	0.0000000000000000
601	210025782.1171752214431763	0.0000000000000000
602	209445090.7718332707881927	0.0000000000000000
603	208865389.7985855042934418	0.0000000000000000
604	208283542.4176596999168396	0.0000000000000000
605	207704258.8733326494693756	0.0000000000000000
606	207124015.5900536179542542	0.0000000000000000
607	206543297.6704107522964478	0.0000000000000000
608	205965162.1973996758460999	0.0000000000000000
609	205386901.4286237657070160	0.0000000000000000
610	204805401.4592168927192688	0.0000000000000000
611	204226308.2711376547813416	0.0000000000000000
612	203644144.8162985444068909	0.0000000000000000
613	203061959.7898496985435486	0.0000000000000000
614	202481091.1580159664154053	0.0000000000000000
615	201901800.3065547049045563	0.0000000000000000
616	201319044.3374498784542084	0.0000000000000000
617	200738325.0201735198497772	0.0000000000000000
618	200159739.9600622355937958	0.0000000000000000
619	199580837.5002032518386841	0.0000000000000000
620	199002589.6237424910068512	0.0000000000000000
621	198425430.8216599822044373	0.0000000000000000
622	197847980.9971131086349487	0.0000000000000000
623	197271966.8819512724876404	0.0000000000000000
624	196696101.5884826183319092	0.0000000000000000
625	196122866.7660154998302460	0.0000000000000000
626	195549322.4959100782871246	0.0000000000000000
627	194972111.4868252575397491	0.0000000000000000
628	194396528.5916011333465576	0.0000000000000000
629	193818992.2228519916534424	0.0000000000000000
630	193241303.6162537634372711	0.0000000000000000
631	192667183.9762998521327972	0.0000000000000000
632	192090455.3758361637592316	0.0000000000000000
633	191513032.5936299264431000	0.0000000000000000
634	190936143.8057816326618195	0.0000000000000000
635	190360639.2694404721260071	0.0000000000000000
636	189787320.3741464018821716	0.0000000000000000
637	189211971.2311761379241943	0.0000000000000000
638	188634873.8623386919498444	0.0000000000000000
639	188056574.5073119997978210	0.0000000000000000
640	187481150.8091508746147156	0.0000000000000000
641	186909387.2882577180862427	0.0000000000000000
642	186334675.1795648038387299	0.0000000000000000
643	185761132.6872677206993103	0.0000000000000000
644	185186205.7087543010711670	0.0000000000000000
645	184612518.0252736508846283	0.0000000000000000
646	184038144.8065801262855530	0.0000000000000000
647	183465163.4389490485191345	0.0000000000000000
648	182893598.0897494852542877	0.0000000000000000
649	182319267.8867017030715942	0.0000000000000000
650	181747576.5780615210533142	0.0000000000000000
651	181178112.6991706788539886	0.0000000000000000
652	180609558.3185918033123016	0.0000000000000000
653	180040795.1028794050216675	0.0000000000000000
654	179469676.8671853542327881	0.0000000000000000
655	178896815.4838865995407104	0.0000000000000000
656	178322508.6344105601310730	0.0000000000000000
657	177749437.8372747004032135	0.0000000000000000
658	177178747.0187534093856812	0.0000000000000000
659	176609522.7246675193309784	0.0000000000000000
660	176036555.2806248962879181	0.0000000000000000
661	175463886.9016746878623962	0.0000000000000000
662	174894356.7211601138114929	0.0000000000000000
663	174323417.8012003898620605	0.0000000000000000
664	173753660.3934409618377686	0.0000000000000000
665	173184141.7347844839096069	0.0000000000000000
666	172615154.1899116337299347	0.0000000000000000
667	172046016.2585068643093109	0.0000000000000000
668	171477453.0251085460186005	0.0000000000000000
669	170907299.7066311538219452	0.0000000000000000
670	170342032.9218683540821075	0.0000000000000000
671	169775524.8328065574169159	0.0000000000000000
672	169205794.7217594981193542	0.0000000000000000
673	168639740.9807533621788025	0.0000000000000000
674	168074318.0749695897102356	0.0000000000000000
675	167513192.6687704026699066	0.0000000000000000
676	166947116.6452282965183258	0.0000000000000000
677	166381703.3464652299880981	0.0000000000000000
678	165817305.1781122982501984	0.0000000000000000
679	165251615.4422352910041809	0.0000000000000000
680	164688263.0927851498126984	0.0000000000000000
681	164124624.0675269663333893	0.0000000000000000
682	163559578.0224843919277191	0.0000000000000000
683	162994553.3515368998050690	0.0000000000000000
684	162435260.5540376901626587	0.0000000000000000
685	161874394.5916594564914703	0.0000000000000000
686	161311936.7955908477306366	0.0000000000000000
687	160751619.9374889135360718	0.0000000000000000
688	160190089.4962005317211151	0.0000000000000000
689	159628466.9168214499950409	0.0000000000000000
690	159068848.9676965773105621	0.0000000000000000
691	158509982.9659892618656158	0.0000000000000000
692	157952162.7311756014823914	0.0000000000000000
693	157395296.1694256663322449	0.0000000000000000
694	156836693.4717357158660889	0.0000000000000000
695	156280479.4769807159900665	0.0000000000000000
696	155724967.0880661308765411	0.0000000000000000
697	155169273.3838427662849426	0.0000000000000000
698	154612812.6063328087329865	0.0000000000000000
699	154059237.2872281074523926	0.0000000000000000
700	153505975.4833533763885498	0.0000000000000000
701	152948824.1637686789035797	0.0000000000000000
702	152394372.0414848029613495	0.0000000000000000
703	151841043.7393736243247986	0.0000000000000000
704	151284647.9328450858592987	0.0000000000000000
705	150730137.3189817368984222	0.0000000000000000
706	150174016.3738086223602295	0.0000000000000000
707	149620104.1107826530933380	0.0000000000000000
708	149066201.8643787205219269	0.0000000000000000
709	148515045.8881803452968597	0.0000000000000000
710	147962967.8208845853805542	0.0000000000000000
711	147411478.4905788898468018	0.0000000000000000
712	146858974.0237548053264618	0.0000000000000000
713	146309382.2055033743381500	0.0000000000000000
714	145763868.1403136849403381	0.0000000000000000
715	145222380.0149021148681641	0.0000000000000000
716	144679528.1037113070487976	0.0000000000000000
717	144136183.9564638137817383	0.0000000000000000
718	143592030.5743795633316040	0.0000000000000000
719	143047666.8049009740352631	0.0000000000000000
720	142500752.9685461521148682	0.0000000000000000
721	141959192.6749881505966187	0.0000000000000000
722	141415772.9464162588119507	0.0000000000000000
723	140871885.3746415078639984	0.0000000000000000
724	140330450.6640659272670746	0.0000000000000000
725	139792188.4276665151119232	0.0000000000000000
726	139255293.0171775519847870	0.0000000000000000
727	138713611.9943941533565521	0.0000000000000000
728	138171658.8642429113388062	0.0000000000000000
729	137632478.2272366285324097	0.0000000000000000
730	137094418.0488287508487701	0.0000000000000000
731	136561948.5128310322761536	0.0000000000000000
732	136027672.3122679293155670	0.0000000000000000
733	135492739.8094919919967651	0.0000000000000000
734	134960954.5318344533443451	0.0000000000000000
735	134427668.7015135288238525	0.0000000000000000
736	133893785.0030764788389206	0.0000000000000000
737	133360835.0119690895080566	0.0000000000000000
738	132827555.8314308524131775	0.0000000000000000
739	132292912.1048417240381241	0.0000000000000000
740	131758616.0907082259654999	0.0000000000000000
741	131226270.2720013111829758	0.0000000000000000
742	130697413.8162956982851028	0.0000000000000000
743	130167392.8016803115606308	0.0000000000000000
744	129633324.8390863537788391	0.0000000000000000
745	129104085.8834751099348068	0.0000000000000000
746	128576060.1011409908533096	0.0000000000000000
747	128048422.9638735651969910	0.0000000000000000
748	127521301.1058756858110428	0.0000000000000000
749	126997577.7717124670743942	0.0000000000000000
750	126478728.0619306117296219	0.0000000000000000
751	125960199.0397430360317230	0.0000000000000000
752	125440489.3065888434648514	0.0000000000000000
753	124918927.4570243209600449	0.0000000000000000
754	124401302.0635026395320892	0.0000000000000000
755	123880561.5020373612642288	0.0000000000000000
756	123360761.0421671867370605	0.0000000000000000
757	122842092.0805125534534454	0.0000000000000000
758	122326765.7312834262847900	0.0000000000000000
759	121809635.8905135840177536	0.0000000000000000
760	121295836.7595340609550476	0.0000000000000000
761	120780635.9929664731025696	0.0000000000000000
762	120267049.3145068734884262	0.0000000000000000
763	119755065.4081990122795105	0.0000000000000000
764	119244154.7173567712306976	0.0000000000000000
765	118734053.9612921476364136	0.0000000000000000
766	118225329.0889502465724945	0.0000000000000000
767	117712910.7156971991062164	0.0000000000000000
768	117203308.5634810924530029	0.0000000000000000
769	116694789.6943867057561874	0.0000000000000000
770	116187811.5579649657011032	0.0000000000000000
771	115682201.2420271635055542	0.0000000000000000
772	115178097.1853348612785339	0.0000000000000000
773	114673502.7812641263008118	0.0000000000000000
774	114168662.2883320897817612	0.0000000000000000
775	113664209.1639130562543869	0.0000000000000000
776	113163073.8704121857881546	0.0000000000000000
777	112663664.1904490888118744	0.0000000000000000
778	112167568.1218474209308624	0.0000000000000000
779	111672204.3774934709072113	0.0000000000000000
780	111178709.1796400696039200	0.0000000000000000
781	110682949.4978931844234467	0.0000000000000000
782	110188173.4357361793518066	0.0000000000000000
783	109692390.5411074161529541	0.0000000000000000
784	109197868.6989656239748001	0.0000000000000000
785	108704025.2844375520944595	0.0000000000000000
786	108208544.9879332482814789	0.0000000000000000
787	107713875.1899072229862213	0.0000000000000000
788	107220551.2659823894500732	0.0000000000000000
789	106729748.0213683694601059	0.0000000000000000
790	106238640.0378637462854385	0.0000000000000000
791	105746135.7371830791234970	0.0000000000000000
792	105258594.7227085083723068	0.0000000000000000
793	104773098.8029301613569260	0.0000000000000000
794	104288571.3268354386091232	0.0000000000000000
795	103803412.8592396378517151	0.0000000000000000
796	103322352.1630797535181046	0.0000000000000000
797	102840777.0124217569828033	0.0000000000000000
798	102360205.0512880533933640	0.0000000000000000
799	101880629.1819343864917755	0.0000000000000000
800	101400711.9206937104463577	0.0000000000000000
801	100923461.2542780190706253	0.0000000000000000
802	100448379.8125694245100021	0.0000000000000000
803	99975196.7976347655057907	0.0000000000000000
804	99504252.4904159158468246	0.0000000000000000
805	99038114.6963849514722824	0.0000000000000000
806	98570283.4963513016700745	0.0000000000000000
807	98100113.2065585702657700	0.0000000000000000
808	97632487.6298127323389053	0.0000000000000000
809	97165028.8652224093675613	0.0000000000000000
810	96697578.8094847649335861	0.0000000000000000
811	96232940.2537124454975128	0.0000000000000000
812	95768324.6997935175895691	0.0000000000000000
813	95308028.2044727057218552	0.0000000000000000
814	94847097.3817667514085770	0.0000000000000000
815	94385374.8180816024541855	0.0000000000000000
816	93928170.5779969543218613	0.0000000000000000
817	93468935.3397316187620163	0.0000000000000000
818	93010796.8045603930950165	0.0000000000000000
819	92554904.0355141609907150	0.0000000000000000
820	92099930.4458374828100204	0.0000000000000000
821	91648046.8425651341676712	0.0000000000000000
822	91196955.4911650568246841	0.0000000000000000
823	90746314.1863818615674973	0.0000000000000000
824	90298053.7775348573923111	0.0000000000000000
825	89848488.9984518736600876	0.0000000000000000
826	89404263.8747362792491913	0.0000000000000000
827	88960108.0354059338569641	0.0000000000000000
828	88514937.7387001663446426	0.0000000000000000
829	88069083.5195313096046448	0.0000000000000000
830	87627401.5509232133626938	0.0000000000000000
831	87186024.3923391401767731	0.0000000000000000
832	86745782.8095463961362839	0.0000000000000000
833	86303243.3886642754077911	0.0000000000000000
834	85864996.3350668549537659	0.0000000000000000
835	85426711.4439928084611893	0.0000000000000000
836	84994427.1412175595760345	0.0000000000000000
837	84559071.8325239270925522	0.0000000000000000
838	84125047.0590452700853348	0.0000000000000000
839	83695834.1264196634292603	0.0000000000000000
840	83267846.2624482065439224	0.0000000000000000
841	82841805.0304283946752548	0.0000000000000000
842	82415192.2578595876693726	0.0000000000000000
843	81990373.4127309322357178	0.0000000000000000
844	81565765.3677882254123688	0.0000000000000000
845	81144552.8172744214534760	0.0000000000000000
846	80724365.1235654950141907	0.0000000000000000
847	80307074.9851731210947037	0.0000000000000000
848	79890510.8752418160438538	0.0000000000000000
849	79474094.2753981649875641	0.0000000000000000
850	79060447.1276225000619888	0.0000000000000000
851	78647424.4643431007862091	0.0000000000000000
852	78238057.4943465739488602	0.0000000000000000
853	77827531.7624089270830154	0.0000000000000000
854	77419827.7973615229129791	0.0000000000000000
855	77010294.1751299947500229	0.0000000000000000
856	76600363.5906110405921936	0.0000000000000000
857	76191918.6831927001476288	0.0000000000000000
858	75785778.5059109926223755	0.0000000000000000
859	75383117.2556821405887604	0.0000000000000000
860	74980584.8884666115045547	0.0000000000000000
861	74580061.5196729898452759	0.0000000000000000
862	74181459.3230493813753128	0.0000000000000000
863	73783167.2300349026918411	0.0000000000000000
864	73382905.8658510893583298	0.0000000000000000
865	72982868.2145763933658600	0.0000000000000000
866	72588025.6352707743644714	0.0000000000000000
867	72194614.6441400200128555	0.0000000000000000
868	71803622.8695160299539566	0.0000000000000000
869	71414523.4088345766067505	0.0000000000000000
870	71027704.4378640502691269	0.0000000000000000
871	70643572.3773729205131531	0.0000000000000000
872	70259664.1566755920648575	0.0000000000000000
873	69874543.0239238888025284	0.0000000000000000
874	69490098.7135577946901321	0.0000000000000000
875	69108382.2729711979627609	0.0000000000000000
876	68727258.0732157677412033	0.0000000000000000
877	68352506.6740837842226028	0.0000000000000000
878	67975995.9095025211572647	0.0000000000000000
879	67602357.2988689094781876	0.0000000000000000
880	67230307.7043020427227020	0.0000000000000000
881	66863881.8629782721400261	0.0000000000000000
882	66497449.0806155875325203	0.0000000000000000
883	66131452.8543351441621780	0.0000000000000000
884	65763356.7313834130764008	0.0000000000000000
885	65396287.9274905771017075	0.0000000000000000
886	65032547.4026267752051353	0.0000000000000000
887	64669642.3017361536622047	0.0000000000000000
888	64308999.4031990468502045	0.0000000000000000
889	63950294.3499787971377373	0.0000000000000000
890	63590861.3913260847330093	0.0000000000000000
891	63230789.6193851754069328	0.0000000000000000
892	62875087.2768486738204956	0.0000000000000000
893	62521547.1637597382068634	0.0000000000000000
894	62169911.9346938803792000	0.0000000000000000
895	61819418.7947807908058167	0.0000000000000000
896	61470716.5225560367107391	0.0000000000000000
897	61124087.8934533372521400	0.0000000000000000
898	60779571.0159911289811134	0.0000000000000000
899	60438234.9673072025179863	0.0000000000000000
900	60100073.6050969064235687	0.0000000000000000
901	59763149.3629214167594910	0.0000000000000000
902	59424246.1571835577487946	0.0000000000000000
903	59085896.0558586642146111	0.0000000000000000
904	58751888.8049504384398460	0.0000000000000000
905	58417133.2331779003143311	0.0000000000000000
906	58083463.4539872333407402	0.0000000000000000
907	57751222.8319024741649628	0.0000000000000000
908	57418117.1717452034354210	0.0000000000000000
909	57087434.0364857688546181	0.0000000000000000
910	56757762.4940505698323250	0.0000000000000000
911	56426742.5185543149709702	0.0000000000000000
912	56098261.0987139120697975	0.0000000000000000
913	55772550.5826259180903435	0.0000000000000000
914	55450742.4772030413150787	0.0000000000000000
915	55129923.5046097785234451	0.0000000000000000
916	54808347.0569514930248260	0.0000000000000000
917	54486194.3246533498167992	0.0000000000000000
918	54164765.6910672932863235	0.0000000000000000
919	53847323.4857580512762070	0.0000000000000000
920	53531738.4482231587171555	0.0000000000000000
921	53217052.0862465873360634	0.0000000000000000
922	52908405.6227580457925797	0.0000000000000000
923	52601797.6230944171547890	0.0000000000000000
924	52294515.4511880129575729	0.0000000000000000
925	51989073.2638809084892273	0.0000000000000000
926	51683820.4905893057584763	0.0000000000000000
927	51378528.5205352827906609	0.0000000000000000
928	51078549.5650055781006813	0.0000000000000000
929	50778061.1128722280263901	0.0000000000000000
930	50479854.1952328383922577	0.0000000000000000
931	50182871.1707757711410522	0.0000000000000000
932	49887385.2926076203584671	0.0000000000000000
933	49591469.6473985165357590	0.0000000000000000
934	49301408.1419344171881676	0.0000000000000000
935	49009147.9742494449019432	0.0000000000000000
936	48719839.7451293170452118	0.0000000000000000
937	48431710.5659200251102448	0.0000000000000000
938	48142650.2763779461383820	0.0000000000000000
939	47854394.3187707811594009	0.0000000000000000
940	47567778.0384689867496490	0.0000000000000000
941	47282733.7165928483009338	0.0000000000000000
942	46998462.8703881427645683	0.0000000000000000
943	46718510.2003282383084297	0.0000000000000000
944	46435139.7269441485404968	0.0000000000000000
945	46152112.5209200382232666	0.0000000000000000
946	45871914.1620269268751144	0.0000000000000000
947	45592141.4120725914835930	0.0000000000000000
948	45316029.6063271686434746	0.0000000000000000
949	45042677.3540161773562431	0.0000000000000000
950	44769990.9571601375937462	0.0000000000000000
951	44499324.1928491964936256	0.0000000000000000
952	44228616.0446897298097610	0.0000000000000000
953	43958520.5101136416196823	0.0000000000000000
954	43687381.3750587031245232	0.0000000000000000
955	43417785.1726591289043427	0.0000000000000000
956	43145357.8889123797416687	0.0000000000000000
957	42877211.6483703479170799	0.0000000000000000
958	42612975.7083377614617348	0.0000000000000000
959	42350792.1999340653419495	0.0000000000000000
960	42088953.8210997357964516	0.0000000000000000
961	41827071.8214070275425911	0.0000000000000000
962	41565681.2006627917289734	0.0000000000000000
963	41305913.3943326175212860	0.0000000000000000
964	41047614.7037774696946144	0.0000000000000000
965	40793496.7901125103235245	0.0000000000000000
966	40539118.7313251867890358	0.0000000000000000
967	40288783.2180295735597610	0.0000000000000000
968	40038650.2344871237874031	0.0000000000000000
969	39787583.5482981577515602	0.0000000000000000
970	39539810.6548071801662445	0.0000000000000000
971	39293895.7940129488706589	0.0000000000000000
972	39047175.2358528450131416	0.0000000000000000
973	38800797.9678640514612198	0.0000000000000000
974	38555722.4430468380451202	0.0000000000000000
975	38311229.0325069576501846	0.0000000000000000
976	38067965.7513321414589882	0.0000000000000000
977	37822993.6054570600390434	0.0000000000000000
978	37579886.1452459320425987	0.0000000000000000
979	37338498.8996938690543175	0.0000000000000000
980	37096167.3960790932178497	0.0000000000000000
981	36856961.1467734649777412	0.0000000000000000
982	36619210.7123120129108429	0.0000000000000000
983	36384270.4551618322730064	0.0000000000000000
984	36150925.6413412988185883	0.0000000000000000
985	35920620.4083164855837822	0.0000000000000000
986	35694578.0658175274729729	0.0000000000000000
987	35466346.2685212939977646	0.0000000000000000
988	35234868.0738642588257790	0.0000000000000000
989	35005986.0530806854367256	0.0000000000000000
990	34776393.8408658429980278	0.0000000000000000
991	34549305.6711703911423683	0.0000000000000000
992	34322772.9186897203326225	0.0000000000000000
993	34097578.7111762985587120	0.0000000000000000
994	33873073.1437193080782890	0.0000000000000000
995	33647839.7593010514974594	0.0000000000000000
996	33426530.5141674391925335	0.0000000000000000
997	33205916.6859771125018597	0.0000000000000000
998	32986012.2245531864464283	0.0000000000000000
999	32769997.4064135402441025	0.0000000000000000
1000	32552395.6702397130429745	0.0000000000000000
1001	32335702.3211358115077019	0.0000000000000000
1002	32120563.1287714503705502	0.0000000000000000
1003	31904523.7859344631433487	0.0000000000000000
1004	31685756.5537058226764202	0.0000000000000000
1005	31471015.5567242465913296	0.0000000000000000
1006	31258744.6426110938191414	0.0000000000000000
1007	31048325.9881810061633587	0.0000000000000000
1008	30837933.1983264721930027	0.0000000000000000
1009	30626455.6554044708609581	0.0000000000000000
1010	30419537.6402290612459183	0.0000000000000000
1011	30211065.4677753970026970	0.0000000000000000
1012	30006769.9916844218969345	0.0000000000000000
1013	29800450.8667086437344551	0.0000000000000000
1014	29594241.0347498804330826	0.0000000000000000
1015	29387244.5859276838600636	0.0000000000000000
1016	29182994.1728937216103077	0.0000000000000000
1017	28978532.4614393375813961	0.0000000000000000
1018	28773571.8712243698537350	0.0000000000000000
1019	28570460.6685489416122437	0.0000000000000000
1020	28368753.1255811490118504	0.0000000000000000
1021	28167978.6807616129517555	0.0000000000000000
1022	27970395.9648040942847729	0.0000000000000000
1023	27772322.0750697068870068	0.0000000000000000
1024	27574831.4676065444946289	0.0000000000000000
1025	27377713.1489840783178806	0.0000000000000000
1026	27180514.2515136450529099	0.0000000000000000
1027	26983003.1352412477135658	0.0000000000000000
1028	26790319.8992809988558292	0.0000000000000000
1029	26596731.6500214934349060	0.0000000000000000
1030	26404762.2964535616338253	0.0000000000000000
1031	26213942.5065044201910496	0.0000000000000000
1032	26024221.2145747356116772	0.0000000000000000
1033	25832591.3214354775846004	0.0000000000000000
1034	25643648.6151210665702820	0.0000000000000000
1035	25453924.4774778150022030	0.0000000000000000
1036	25265522.9038875997066498	0.0000000000000000
1037	25074887.8302980139851570	0.0000000000000000
1038	24887625.3729387745261192	0.0000000000000000
1039	24699669.3361805491149426	0.0000000000000000
1040	24515834.1491461843252182	0.0000000000000000
1041	24331683.2379638180136681	0.0000000000000000
1042	24148249.4872652217745781	0.0000000000000000
1043	23965539.9351599849760532	0.0000000000000000
1044	23785548.2403095886111259	0.0000000000000000
1045	23607412.1920539438724518	0.0000000000000000
1046	23426867.3765751868486404	0.0000000000000000
1047	23246072.9944292530417442	0.0000000000000000
1048	23066215.6282951310276985	0.0000000000000000
1049	22887907.3041689954698086	0.0000000000000000
1050	22709112.6077466197311878	0.0000000000000000
1051	22533719.9997495524585247	0.0000000000000000
1052	22358795.8637108467519283	0.0000000000000000
1053	22184169.4122623279690742	0.0000000000000000
1054	22011954.7047981657087803	0.0000000000000000
1055	21839041.1996756009757519	0.0000000000000000
1056	21666542.1234879046678543	0.0000000000000000
1057	21495945.1523000597953796	0.0000000000000000
1058	21325288.3549380600452423	0.0000000000000000
1059	21158008.5669452957808971	0.0000000000000000
1060	20990634.4115601703524590	0.0000000000000000
1061	20823380.5992912910878658	0.0000000000000000
1062	20654486.5960197784006596	0.0000000000000000
1063	20484667.1064238846302032	0.0000000000000000
1064	20316548.1244175396859646	0.0000000000000000
1065	20151090.2998296357691288	0.0000000000000000
1066	19989010.2437728680670261	0.0000000000000000
1067	19827696.5289553329348564	0.0000000000000000
1068	19667492.8163650967180729	0.0000000000000000
1069	19509166.8905285261571407	0.0000000000000000
1070	19349969.6368471197783947	0.0000000000000000
1071	19193113.4167742244899273	0.0000000000000000
1072	19036598.3641777187585831	0.0000000000000000
1073	18879469.0538855493068695	0.0000000000000000
1074	18723577.2270237058401108	0.0000000000000000
1075	18568393.6936123184859753	0.0000000000000000
1076	18413094.2696626558899879	0.0000000000000000
1077	18258614.2303220406174660	0.0000000000000000
1078	18103977.4589128345251083	0.0000000000000000
1079	17949974.2327413000166416	0.0000000000000000
1080	17797847.2652931325137615	0.0000000000000000
1081	17645793.2333605550229549	0.0000000000000000
1082	17494280.9764476008713245	0.0000000000000000
1083	17345715.0770168118178844	0.0000000000000000
1084	17197977.5201766081154346	0.0000000000000000
1085	17051024.7415451444685459	0.0000000000000000
1086	16905519.1772694960236549	0.0000000000000000
1087	16763489.1691147275269032	0.0000000000000000
1088	16619854.1481380388140678	0.0000000000000000
1089	16477175.9018365908414125	0.0000000000000000
1090	16333481.7958886828273535	0.0000000000000000
1091	16193141.6739451028406620	0.0000000000000000
1092	16054738.7458902131766081	0.0000000000000000
1093	15918663.1456166207790375	0.0000000000000000
1094	15781169.9536740090698004	0.0000000000000000
1095	15644797.5821787659078836	0.0000000000000000
1096	15506729.2063347641378641	0.0000000000000000
1097	15368148.1696681305766106	0.0000000000000000
1098	15230963.0113261993974447	0.0000000000000000
1099	15094925.1690814755856991	0.0000000000000000
1100	14958789.4481697995215654	0.0000000000000000
1101	14825515.5401919726282358	0.0000000000000000
1102	14694242.7675222959369421	0.0000000000000000
1103	14562849.6065877377986908	0.0000000000000000
1104	14432619.2042460478842258	0.0000000000000000
1105	14304031.5229773279279470	0.0000000000000000
1106	14172992.8504673317074776	0.0000000000000000
1107	14046304.5278137065470219	0.0000000000000000
1108	13918533.3738648127764463	0.0000000000000000
1109	13790555.1212560404092073	0.0000000000000000
1110	13664736.1759209707379341	0.0000000000000000
1111	13537945.1923200115561485	0.0000000000000000
1112	13411936.8271799124777317	0.0000000000000000
1113	13287739.9047362469136715	0.0000000000000000
1114	13164798.5696963798254728	0.0000000000000000
1115	13040868.9205860085785389	0.0000000000000000
1116	12919348.2522218767553568	0.0000000000000000
1117	12798095.9714350663125515	0.0000000000000000
1118	12677808.5342304892838001	0.0000000000000000
1119	12559098.0879633966833353	0.0000000000000000
1120	12440014.9302066117525101	0.0000000000000000
1121	12321900.0195536240935326	0.0000000000000000
1122	12206638.3568251263350248	0.0000000000000000
1123	12091136.9018319454044104	0.0000000000000000
1124	11975437.4270815849304199	0.0000000000000000
1125	11859915.5111975185573101	0.0000000000000000
1126	11745625.7207922525703907	0.0000000000000000
1127	11631306.5702494885772467	0.0000000000000000
1128	11521389.7107466235756874	0.0000000000000000
1129	11413320.6254184097051620	0.0000000000000000
1130	11306087.4369971547275782	0.0000000000000000
1131	11199034.2489282060414553	0.0000000000000000
1132	11092633.3389988336712122	0.0000000000000000
1133	10986930.9599343352019787	0.0000000000000000
1134	10880660.9462985917925835	0.0000000000000000
1135	10774361.8883331418037415	0.0000000000000000
1136	10669469.0240722727030516	0.0000000000000000
1137	10567878.7878364343196154	0.0000000000000000
1138	10467203.5915409121662378	0.0000000000000000
1139	10364726.0051834657788277	0.0000000000000000
1140	10263492.6280347220599651	0.0000000000000000
1141	10163615.1910790670663118	0.0000000000000000
1142	10063071.9324322808533907	0.0000000000000000
1143	9962216.1262756809592247	0.0000000000000000
1144	9863377.1190039943903685	0.0000000000000000
1145	9764411.6302334498614073	0.0000000000000000
1146	9667440.0262953713536263	0.0000000000000000
1147	9569402.8661026898771524	0.0000000000000000
1148	9471451.7065432444214821	0.0000000000000000
1149	9374465.2094429675489664	0.0000000000000000
1150	9278925.4155534803867340	0.0000000000000000
1151	9184901.1392638944089413	0.0000000000000000
1152	9092380.8434186596423388	0.0000000000000000
1153	9000933.6886676717549562	0.0000000000000000
1154	8910300.7066235858947039	0.0000000000000000
1155	8819408.0791210420429707	0.0000000000000000
1156	8730291.1441651023924351	0.0000000000000000
1157	8642330.8060339447110891	0.0000000000000000
1158	8556623.1041257288306952	0.0000000000000000
1159	8470868.6488389093428850	0.0000000000000000
1160	8384898.0154119320213795	0.0000000000000000
1161	8300211.6280979542061687	0.0000000000000000
1162	8217202.1001190226525068	0.0000000000000000
1163	8133235.7614861652255058	0.0000000000000000
1164	8051988.5347812436521053	0.0000000000000000
1165	7969822.5057939663529396	0.0000000000000000
1166	7886757.6441529290750623	0.0000000000000000
1167	7804143.8466645479202271	0.0000000000000000
1168	7722935.4859943380579352	0.0000000000000000
1169	7645114.8776224069297314	0.0000000000000000
1170	7566493.7775981677696109	0.0000000000000000
1171	7489564.1144099393859506	0.0000000000000000
1172	7411084.5896405773237348	0.0000000000000000
1173	7335121.1034605735912919	0.0000000000000000
1174	7260692.7987160058692098	0.0000000000000000
1175	7186683.0245916489511728	0.0000000000000000
1176	7113376.5418078321963549	0.0000000000000000
1177	7039262.9708108957856894	0.0000000000000000
1178	6966269.1172479698434472	0.0000000000000000
1179	6894145.9815192054957151	0.0000000000000000
1180	6823557.0554508436471224	0.0000000000000000
1181	6753653.8178661288693547	0.0000000000000000
1182	6684492.1581186270341277	0.0000000000000000
1183	6616879.4868588773533702	0.0000000000000000
1184	6551135.7563416464254260	0.0000000000000000
1185	6485330.5714913131669164	0.0000000000000000
1186	6419041.2917754696682096	0.0000000000000000
1187	6352361.5354360844939947	0.0000000000000000
1188	6286578.0002055047079921	0.0000000000000000
1189	6221766.6199278905987740	0.0000000000000000
1190	6156540.2915546121075749	0.0000000000000000
1191	6092812.5647893967106938	0.0000000000000000
1192	6030617.7382768299430609	0.0000000000000000
1193	5969742.2493567094206810	0.0000000000000000
1194	5907360.5444100787863135	0.0000000000000000
1195	5845046.4720721719786525	0.0000000000000000
1196	5783366.0344963008537889	0.0000000000000000
1197	5720719.5094525096938014	0.0000000000000000
1198	5659452.5958200944587588	0.0000000000000000
1199	5598600.5042890114709735	0.0000000000000000
1200	5539550.5259044272825122	0.0000000000000000
1201	5480865.8300843471661210	0.0000000000000000
1202	5421536.1388120604678988	0.0000000000000000
1203	5363788.4297748701646924	0.0000000000000000
1204	5308295.3334044674411416	0.0000000000000000
1205	5251713.6965168379247189	0.0000000000000000
1206	5195185.3656970178708434	0.0000000000000000
1207	5139874.5798289356753230	0.0000000000000000
1208	5084300.5358914425596595	0.0000000000000000
1209	5029333.2925001569092274	0.0000000000000000
1210	4974475.8883408103138208	0.0000000000000000
1211	4920496.3525862749665976	0.0000000000000000
1212	4868825.2467262707650661	0.0000000000000000
1213	4815773.6713657695800066	0.0000000000000000
1214	4764449.6036983672529459	0.0000000000000000
1215	4714884.7515179002657533	0.0000000000000000
1216	4666365.1902505587786436	0.0000000000000000
1217	4616711.9477424947544932	0.0000000000000000
1218	4567278.0183480903506279	0.0000000000000000
1219	4517590.3049963526427746	0.0000000000000000
1220	4469959.7679890356957912	0.0000000000000000
1221	4421416.6397023890167475	0.0000000000000000
1222	4373232.5656171105802059	0.0000000000000000
1223	4325763.1755812522023916	0.0000000000000000
1224	4279320.7588545149192214	0.0000000000000000
1225	4233517.7861984390765429	0.0000000000000000
1226	4187420.1875699283555150	0.0000000000000000
1227	4141253.3157983194105327	0.0000000000000000
1228	4095322.5442772130481899	0.0000000000000000
1229	4050075.9433106728829443	0.0000000000000000
1230	4005416.0070390570908785	0.0000000000000000
1231	3962402.0376320830546319	0.0000000000000000
1232	3920065.1458964021876454	0.0000000000000000
1233	3876424.0808972464874387	0.0000000000000000
1234	3834277.6348453620448709	0.0000000000000000
1235	3792940.3342274781316519	0.0000000000000000
1236	3751345.3918439871631563	0.0000000000000000
1237	3710246.2634658096358180	0.0000000000000000
1238	3669590.5057521816343069	0.0000000000000000
1239	3629383.0303736841306090	0.0000000000000000
1240	3589641.0534629030153155	0.0000000000000000
1241	3548713.4052966050803661	0.0000000000000000
1242	3508979.0172342644073069	0.0000000000000000
1243	3469183.5040160482749343	0.0000000000000000
1244	3428302.1973527935333550	0.0000000000000000
1245	3389047.3432318670675159	0.0000000000000000
1246	3351186.1972453636117280	0.0000000000000000
1247	3313694.0634007714688778	0.0000000000000000
1248	3276893.3026874945499003	0.0000000000000000
1249	3241325.6817533299326897	0.0000000000000000
1250	3205892.1152725047431886	0.0000000000000000
1251	3170416.5647983695380390	0.0000000000000000
1252	3135661.5125375632196665	0.0000000000000000
1253	3100664.5233590346761048	0.0000000000000000
1254	3066915.4225615286268294	0.0000000000000000
1255	3033168.7673241109587252	0.0000000000000000
1256	2999903.8588839704170823	0.0000000000000000
1257	2967393.5598763637244701	0.0000000000000000
1258	2935482.6737381843850017	0.0000000000000000
1259	2904394.6255933362990618	0.0000000000000000
1260	2872690.4776372648775578	0.0000000000000000
1261	2841941.3192474930547178	0.0000000000000000
1262	2811406.2827438362874091	0.0000000000000000
1263	2781138.9074948267079890	0.0000000000000000
1264	2750901.5283719613216817	0.0000000000000000
1265	2721085.5863830475136638	0.0000000000000000
1266	2691766.0242852279916406	0.0000000000000000
1267	2662111.6279303128831089	0.0000000000000000
1268	2632142.4095611497759819	0.0000000000000000
1269	2602049.4356330516748130	0.0000000000000000
1270	2571993.6259739212691784	0.0000000000000000
1271	2542562.9739419529214501	0.0000000000000000
1272	2512989.1033070208504796	0.0000000000000000
1273	2484652.9337207032367587	0.0000000000000000
1274	2456838.4876977256499231	0.0000000000000000
1275	2429312.0478771803900599	0.0000000000000000
1276	2402313.7586545925587416	0.0000000000000000
1277	2375427.6983619900420308	0.0000000000000000
1278	2349692.0777146182954311	0.0000000000000000
1279	2323932.1245499774813652	0.0000000000000000
1280	2299222.6929117785766721	0.0000000000000000
1281	2274049.2129803514108062	0.0000000000000000
1282	2249579.5630824393592775	0.0000000000000000
1283	2225211.9216728648170829	0.0000000000000000
1284	2200413.8945170072838664	0.0000000000000000
1285	2176063.3056844365783036	0.0000000000000000
1286	2152072.6832758081145585	0.0000000000000000
1287	2128206.7902925251983106	0.0000000000000000
1288	2104471.8373961271718144	0.0000000000000000
1289	2080592.0998366528656334	0.0000000000000000
1290	2057168.9280323954299092	0.0000000000000000
1291	2033936.0403386114630848	0.0000000000000000
1292	2010479.3594664097763598	0.0000000000000000
1293	1987722.9275312500540167	0.0000000000000000
1294	1965483.6975071863271296	0.0000000000000000
1295	1942879.3813219903968275	0.0000000000000000
1296	1920596.4186424857471138	0.0000000000000000
1297	1898254.7643550217617303	0.0000000000000000
1298	1876217.7582364305853844	0.0000000000000000
1299	1853755.1205398836173117	0.0000000000000000
1300	1832943.4407510983292013	0.0000000000000000
1301	1813183.9750541627872735	0.0000000000000000
1302	1793496.1546119058039039	0.0000000000000000
1303	1774249.9096076788846403	0.0000000000000000
1304	1753944.2432127299252898	0.0000000000000000
1305	1735555.1405056430958211	0.0000000000000000
1306	1716872.1262269194703549	0.0000000000000000
1307	1697167.4168073523323983	0.0000000000000000
1308	1677518.5453506221529096	0.0000000000000000
1309	1658902.5464265311602503	0.0000000000000000
1310	1640453.0777425246778876	0.0000000000000000
1311	1621687.7647085934877396	0.0000000000000000
1312	1602556.3834623079746962	0.0000000000000000
1313	1583609.0873858162667602	0.0000000000000000
1314	1565577.6025844863615930	0.0000000000000000
1315	1547650.0603883629664779	0.0000000000000000
1316	1529782.2395842771511525	0.0000000000000000
1317	1511901.4760508351027966	0.0000000000000000
1318	1494145.1529442626051605	0.0000000000000000
1319	1476413.6552185404580086	0.0000000000000000
1320	1458917.6003200144041330	0.0000000000000000
1321	1442270.8804360770154744	0.0000000000000000
1322	1425577.2375255136284977	0.0000000000000000
1323	1408202.5296076147351414	0.0000000000000000
1324	1391447.4215301678050309	0.0000000000000000
1325	1375577.1680316161364317	0.0000000000000000
1326	1359344.8243337608873844	0.0000000000000000
1327	1343290.0963967829011381	0.0000000000000000
1328	1327248.7875636527314782	0.0000000000000000
1329	1311321.3949601550120860	0.0000000000000000
1330	1295881.7860662154853344	0.0000000000000000
1331	1281336.0741817096713930	0.0000000000000000
1332	1266461.0764957431238145	0.0000000000000000
1333	1251179.5990747695323080	0.0000000000000000
1334	1236332.5856617148965597	0.0000000000000000
1335	1221900.9043962121941149	0.0000000000000000
1336	1208138.6257397236768156	0.0000000000000000
1337	1194594.3444545411039144	0.0000000000000000
1338	1180300.4866534390021116	0.0000000000000000
1339	1166954.0860307090915740	0.0000000000000000
1340	1153377.7421239095274359	0.0000000000000000
1341	1140730.8916072708088905	0.0000000000000000
1342	1127783.8065027375705540	0.0000000000000000
1343	1115227.7754700463265181	0.0000000000000000
1344	1103030.4624043609946966	0.0000000000000000
1345	1090436.5106038106605411	0.0000000000000000
1346	1077800.8582884897477925	0.0000000000000000
1347	1065352.5270522418431938	0.0000000000000000
1348	1052917.9500897838734090	0.0000000000000000
1349	1040457.2579159671440721	0.0000000000000000
1350	1027168.7135922507150099	0.0000000000000000
1351	1014528.1367245118599385	0.0000000000000000
1352	1002616.2541617134120315	0.0000000000000000
1353	990638.7511681560426950	0.0000000000000000
1354	978500.1062524401349947	0.0000000000000000
1355	966729.0147860780125484	0.0000000000000000
1356	955234.9337348331464455	0.0000000000000000
1357	944198.2332385946065187	0.0000000000000000
1358	932679.5729741625254974	0.0000000000000000
1359	921067.2257852443726733	0.0000000000000000
1360	909827.1717397894244641	0.0000000000000000
1361	898722.3302950052311644	0.0000000000000000
1362	887921.0478372111683711	0.0000000000000000
1363	877258.7027737214230001	0.0000000000000000
1364	866623.9580169992987067	0.0000000000000000
1365	856163.5558501902269199	0.0000000000000000
1366	846393.1042431714013219	0.0000000000000000
1367	836329.9216104833176360	0.0000000000000000
1368	826445.1014705899870023	0.0000000000000000
1369	816272.5502569188829511	0.0000000000000000
1370	806276.4078801986761391	0.0000000000000000
1371	796531.9557501311646774	0.0000000000000000
1372	787092.3469372596591711	0.0000000000000000
1373	777689.6728493846021593	0.0000000000000000
1374	767410.6902719957288355	0.0000000000000000
1375	757381.5313062310451642	0.0000000000000000
1376	748115.0837806477211416	0.0000000000000000
1377	739756.3813046775758266	0.0000000000000000
1378	730837.6184094451600686	0.0000000000000000
1379	721571.0730358512373641	0.0000000000000000
1380	712953.0041884789243340	0.0000000000000000
1381	704173.4094504505628720	0.0000000000000000
1382	695261.7891630401136354	0.0000000000000000
1383	686629.9596811574883759	0.0000000000000000
1384	677726.4564749989658594	0.0000000000000000
1385	669455.4249867522157729	0.0000000000000000
1386	661272.7554969371994957	0.0000000000000000
1387	653157.4690252935979515	0.0000000000000000
1388	645591.1490633590146899	0.0000000000000000
1389	638351.9131207682657987	0.0000000000000000
1390	631096.9652211288921535	0.0000000000000000
1391	623285.5489321186905727	0.0000000000000000
1392	615788.6661631832830608	0.0000000000000000
1393	608174.3132008624961600	0.0000000000000000
1394	601165.6267383014783263	0.0000000000000000
1395	593768.9623718074290082	0.0000000000000000
1396	586315.0298421069746837	0.0000000000000000
1397	579076.9644172607222572	0.0000000000000000
1398	571440.8282650943147019	0.0000000000000000
1399	564022.5248183162184432	0.0000000000000000
1400	557046.7365254906471819	0.0000000000000000
1401	549931.0426340573467314	0.0000000000000000
1402	543270.8767528661992401	0.0000000000000000
1403	537051.7808545174775645	0.0000000000000000
1404	530844.2324563096044585	0.0000000000000000
1405	525016.3147111263824627	0.0000000000000000
1406	518973.0141982306959108	0.0000000000000000
1407	512561.7438650120166130	0.0000000000000000
1408	506390.6032812494668178	0.0000000000000000
1409	500328.5659885248169303	0.0000000000000000
1410	494576.1172944438294508	0.0000000000000000
1411	488581.1260199788957834	0.0000000000000000
1412	482726.6312744731549174	0.0000000000000000
1413	476675.9783222781261429	0.0000000000000000
1414	471016.5221367523772642	0.0000000000000000
1415	465628.1372760421363637	0.0000000000000000
1416	460054.9914201476494782	0.0000000000000000
1417	454604.7260881905094720	0.0000000000000000
1418	449159.0985789848491549	0.0000000000000000
1419	444216.5247762458166108	0.0000000000000000
1420	438546.8612925476627424	0.0000000000000000
1421	432809.9802940051304176	0.0000000000000000
1422	427585.6782834354671650	0.0000000000000000
1423	422088.4283135995501652	0.0000000000000000
1424	416734.7640943436417729	0.0000000000000000
1425	411733.8082699301885441	0.0000000000000000
1426	406877.9962856984930113	0.0000000000000000
1427	402193.1811399718280882	0.0000000000000000
1428	397367.5281217480078340	0.0000000000000000
1429	392344.2700509703136049	0.0000000000000000
1430	387661.9239665475906804	0.0000000000000000
1431	382620.7786276997649111	0.0000000000000000
1432	377825.5954208114999346	0.0000000000000000
1433	373295.4839473860338330	0.0000000000000000
1434	368512.1114972035284154	0.0000000000000000
1435	364373.5152207862702198	0.0000000000000000
1436	360306.1281825362821110	0.0000000000000000
1437	356192.6536546287825331	0.0000000000000000
1438	352115.4956463288399391	0.0000000000000000
1439	348209.4500877644168213	0.0000000000000000
1440	344102.6759706111042760	0.0000000000000000
1441	339996.2361466567963362	0.0000000000000000
1442	335981.1624023789190687	0.0000000000000000
1443	331721.3925005136406980	0.0000000000000000
1444	327375.7718356673722155	0.0000000000000000
1445	323619.8245642984402366	0.0000000000000000
1446	319714.3292402942315675	0.0000000000000000
1447	315762.2129700625664555	0.0000000000000000
1448	311801.1970638898783363	0.0000000000000000
1449	307768.4397367888595909	0.0000000000000000
1450	304002.4122493053437211	0.0000000000000000
1451	300318.7284580346313305	0.0000000000000000
1452	296805.8085897027049214	0.0000000000000000
1453	292986.4194619003683329	0.0000000000000000
1454	289648.1078461392316967	0.0000000000000000
1455	286006.1775890171411447	0.0000000000000000
1456	282347.6309606683207676	0.0000000000000000
1457	278835.8116387655027211	0.0000000000000000
1458	275531.9152599817607552	0.0000000000000000
1459	272192.4253043198841624	0.0000000000000000
1460	268959.6419373874668963	0.0000000000000000
1461	265533.1584820464486256	0.0000000000000000
1462	262130.5096390159742441	0.0000000000000000
1463	258418.0534589819435496	0.0000000000000000
1464	255095.9947779841604643	0.0000000000000000
1465	251655.9125390923873056	0.0000000000000000
1466	248464.2225617315853015	0.0000000000000000
1467	245257.9794111281516962	0.0000000000000000
1468	242099.0391171249211766	0.0000000000000000
1469	239164.3922044134524185	0.0000000000000000
1470	236392.7962129265652038	0.0000000000000000
1471	233475.5027077844715677	0.0000000000000000
1472	230627.9566514743200969	0.0000000000000000
1473	227638.9952151230536401	0.0000000000000000
1474	224844.0553879483486526	0.0000000000000000
1475	222249.9241279326088261	0.0000000000000000
1476	219528.1398417999735102	0.0000000000000000
1477	216682.7768286802747753	0.0000000000000000
1478	213827.9882394582964480	0.0000000000000000
1479	211227.5123161844967399	0.0000000000000000
1480	208576.0771424318081699	0.0000000000000000
1481	206024.0650877643201966	0.0000000000000000
1482	203453.5456741862290073	0.0000000000000000
1483	200892.2277296567044687	0.0000000000000000
1484	198506.6633720628451556	0.0000000000000000
1485	195549.8559070431801956	0.0000000000000000
1486	193248.3968604755937122	0.0000000000000000
1487	190927.5283663961163256	0.0000000000000000
1488	188611.9434789538499899	0.0000000000000000
1489	186383.7507944472890813	0.0000000000000000
1490	184057.4874551972025074	0.0000000000000000
1491	181933.1684614623663947	0.0000000000000000
1492	179922.1325565447623376	0.0000000000000000
1493	177942.1456342824676540	0.0000000000000000
1494	175640.7706408266385552	0.0000000000000000
1495	173201.8196259758260567	0.0000000000000000
1496	171172.4708766525145620	0.0000000000000000
1497	169164.8025862895010505	0.0000000000000000
1498	167220.5525950416049454	0.0000000000000000
1499	165403.1695482092036400	0.0000000000000000
1500	163515.0096402322233189	0.0000000000000000
1501	161719.6726368517556693	0.0000000000000000
1502	159691.4089481946721207	0.0000000000000000
1503	157763.0790842522692401	0.0000000000000000
1504	155732.2219398799643386	0.0000000000000000
1505	153713.8175812021072488	0.0000000000000000
1506	151855.1863979252520949	0.0000000000000000
1507	150078.8004243522300385	0.0000000000000000
1508	148377.9410150894254912	0.0000000000000000
1509	146616.5305227513017599	0.0000000000000000
1510	144825.3821879175957292	0.0000000000000000
1511	143078.1890598509926349	0.0000000000000000
1512	141178.9603718812868465	0.0000000000000000
1513	139430.3819198192795739	0.0000000000000000
1514	137579.8642637710436247	0.0000000000000000
1515	135757.7355335834436119	0.0000000000000000
1516	134033.1036272551864386	0.0000000000000000
1517	132228.3528502169938292	0.0000000000000000
1518	130446.9693058023694903	0.0000000000000000
1519	128687.7396235726046143	0.0000000000000000
1520	127168.0602652954839868	0.0000000000000000
1521	125726.4903341019962681	0.0000000000000000
1522	124188.3500412031426094	0.0000000000000000
1523	122722.2982748302893015	0.0000000000000000
1524	121186.6778014105657348	0.0000000000000000
1525	119474.1490408687532181	0.0000000000000000
1526	117992.5410923212184571	0.0000000000000000
1527	116444.3735323702130700	0.0000000000000000
1528	115056.6087980770244030	0.0000000000000000
1529	113799.7507768392097205	0.0000000000000000
1530	112534.3788479594513774	0.0000000000000000
1531	111147.6302728513401235	0.0000000000000000
1532	109820.8836195234762272	0.0000000000000000
1533	108447.6458554067648947	0.0000000000000000
1534	107032.4243137656740146	0.0000000000000000
1535	105652.0532623524777591	0.0000000000000000
1536	104272.8143692016601562	0.0000000000000000
1537	102866.8743762480735313	0.0000000000000000
1538	101403.3179815454932395	0.0000000000000000
1539	100188.1561635165708140	0.0000000000000000
1540	98987.5441285881679505	0.0000000000000000
1541	97899.5955090275383554	0.0000000000000000
1542	96936.1164172224962385	0.0000000000000000
1543	95950.1861150857293978	0.0000000000000000
1544	95065.5588624330121092	0.0000000000000000
1545	93987.9930832490645116	0.0000000000000000
1546	93033.7931382044625934	0.0000000000000000
1547	91867.1904693597753067	0.0000000000000000
1548	90752.3348200003383681	0.0000000000000000
1549	89826.2962317416822771	0.0000000000000000
1550	88734.5939097753725946	0.0000000000000000
1551	87753.7679072421742603	0.0000000000000000
1552	86552.4520681584253907	0.0000000000000000
1553	85571.6414447503193514	0.0000000000000000
1554	84600.3181497813202441	0.0000000000000000
1555	83676.3387300511531066	0.0000000000000000
1556	82843.1575203251995845	0.0000000000000000
1557	81709.4895823406695854	0.0000000000000000
1558	80784.8166389002290089	0.0000000000000000
1559	79798.0507358191389358	0.0000000000000000
1560	78893.6172693834960228	0.0000000000000000
1561	77966.0724420134501997	0.0000000000000000
1562	77027.3506706296175253	0.0000000000000000
1563	76090.5049845898611238	0.0000000000000000
1564	75113.9571750558970962	0.0000000000000000
1565	74259.6229783652815968	0.0000000000000000
1566	73376.0338621924165636	0.0000000000000000
1567	72692.2568929080880480	0.0000000000000000
1568	71898.4929947914934019	0.0000000000000000
1569	71103.9485837325919420	0.0000000000000000
1570	70322.3956250753108179	0.0000000000000000
1571	69525.8712867365684360	0.0000000000000000
1572	68700.5308858832722763	0.0000000000000000
1573	67892.1286249295517337	0.0000000000000000
1574	67092.0658370271848980	0.0000000000000000
1575	66353.5336858432856388	0.0000000000000000
1576	65584.0156205113744363	0.0000000000000000
1577	64766.1163310650590574	0.0000000000000000
1578	63969.8397419655011618	0.0000000000000000
1579	63125.6367446961303358	0.0000000000000000
1580	62298.1654887127733673	0.0000000000000000
1581	61610.2360458340554032	0.0000000000000000
1582	60959.8633516922709532	0.0000000000000000
1583	60328.3907318777783075	0.0000000000000000
1584	59541.5285002976816031	0.0000000000000000
1585	58880.8567423466884065	0.0000000000000000
1586	58070.8510428974914248	0.0000000000000000
1587	57384.5211673206140404	0.0000000000000000
1588	56652.1147448018673458	0.0000000000000000
1589	55984.6439118848938961	0.0000000000000000
1590	55499.1657958465730189	0.0000000000000000
1591	55018.6007210954485345	0.0000000000000000
1592	54533.5641014536959119	0.0000000000000000
1593	54071.1889481947291642	0.0000000000000000
1594	53616.7757621922646649	0.0000000000000000
1595	53221.8177565307050827	0.0000000000000000
1596	52573.5871152785985032	0.0000000000000000
1597	52040.4872296592802741	0.0000000000000000
1598	51535.1779111103896867	0.0000000000000000
1599	50954.6003789663955104	0.0000000000000000
1600	50295.8159279339670320	0.0000000000000000
1601	49732.9135324240778573	0.0000000000000000
1602	49049.7637947669645655	0.0000000000000000
1603	48412.7322307789072511	0.0000000000000000
1604	47996.6869065010614577	0.0000000000000000
1605	47537.6831678129892680	0.0000000000000000
1606	47086.1146014612168074	0.0000000000000000
1607	46674.3009034304777742	0.0000000000000000
1608	46179.8792561984810163	0.0000000000000000
1609	45696.1860305840382352	0.0000000000000000
1610	45188.9797908717227983	0.0000000000000000
1611	44684.0440542700234801	0.0000000000000000
1612	44259.9985270597317140	0.0000000000000000
1613	43742.8898401384067256	0.0000000000000000
1614	43256.0975546302070143	0.0000000000000000
1615	42846.6907231897275778	0.0000000000000000
1616	42374.9517639740661252	0.0000000000000000
1617	41975.3906632718353649	0.0000000000000000
1618	41588.3647376951921615	0.0000000000000000
1619	41131.5065936399332713	0.0000000000000000
1620	40679.6076294882223010	0.0000000000000000
1621	40238.8668450989716803	0.0000000000000000
1622	39785.4395291938126320	0.0000000000000000
1623	39421.3823667822580319	0.0000000000000000
1624	39087.5298816301801708	0.0000000000000000
1625	38643.5814317402473534	0.0000000000000000
1626	38221.9776116883149371	0.0000000000000000
1627	37701.9632647081671166	0.0000000000000000
1628	37202.4109126982584712	0.0000000000000000
1629	36758.8786803447146667	0.0000000000000000
1630	36307.6714818802211084	0.0000000000000000
1631	35859.1446324961871142	0.0000000000000000
1632	35381.6864483173048939	0.0000000000000000
1633	34919.5731746263263631	0.0000000000000000
1634	34445.5504795904926141	0.0000000000000000
1635	34029.4053432915607118	0.0000000000000000
1636	33691.1913587520757574	0.0000000000000000
1637	33295.2575937868314213	0.0000000000000000
1638	32989.6140392623492517	0.0000000000000000
1639	32566.9332500410746434	0.0000000000000000
1640	32180.5197520178553532	0.0000000000000000
1641	31823.8944454838638194	0.0000000000000000
1642	31386.9201388044166379	0.0000000000000000
1643	30995.0796707823537872	0.0000000000000000
1644	30555.4441598871744645	0.0000000000000000
1645	30191.7464303081396793	0.0000000000000000
1646	29855.4313012053207785	0.0000000000000000
1647	29480.3718695778879919	0.0000000000000000
1648	29127.1718750000000000	0.0000000000000000
1649	28812.8560938687987800	0.0000000000000000
1650	28537.2887300825095735	0.0000000000000000
1651	28242.9625846248491143	0.0000000000000000
1652	27918.4550237220828421	0.0000000000000000
1653	27664.5725556789511757	0.0000000000000000
1654	27326.0221855752206466	0.0000000000000000
1655	27036.6821475048891443	0.0000000000000000
1656	26753.1438593292041332	0.0000000000000000
1657	26489.4626997461382416	0.0000000000000000
1658	26196.0363708080294600	0.0000000000000000
1659	25855.9044085089517466	0.0000000000000000
1660	25544.9575273673399352	0.0000000000000000
1661	25218.1220479531257297	0.0000000000000000
1662	24965.2310263359686360	0.0000000000000000
1663	24692.5949738572744536	0.0000000000000000
1664	24420.2303059895821207	0.0000000000000000
1665	24218.4355541312615969	0.0000000000000000
1666	23973.9355143766842957	0.0000000000000000
1667	23760.3613642786913260	0.0000000000000000
1668	23509.9982340722199297	0.0000000000000000
1669	23264.0692490304099920	0.0000000000000000
1670	23065.7977660201904655	0.0000000000000000
1671	22836.1987771678323043	0.0000000000000000
1672	22610.4812132192164427	0.0000000000000000
1673	22379.0177280003226770	0.0000000000000000
1674	22148.6964454231419950	0.0000000000000000
1675	21877.3656031450736918	0.0000000000000000
1676	21697.6784888421425421	0.0000000000000000
1677	21433.1803387067920994	0.0000000000000000
1678	21224.7353615769970929	0.0000000000000000
1679	21000.5240707684824883	0.0000000000000000
1680	20769.2243472354748519	0.0000000000000000
1681	20507.8836653330035915	0.0000000000000000
1682	20248.3557735379145015	0.0000000000000000
1683	19995.9493863769275777	0.0000000000000000
1684	19697.8006279428918788	0.0000000000000000
1685	19431.9339981334087497	0.0000000000000000
1686	19138.5377888345465180	0.0000000000000000
1687	18875.0719147333220462	0.0000000000000000
1688	18607.2295138888875954	0.0000000000000000
1689	18371.5616886890493333	0.0000000000000000
1690	18172.5677881467527186	0.0000000000000000
1691	17932.0736294525486301	0.0000000000000000
1692	17793.4888902915954532	0.0000000000000000
1693	17580.8606228922944865	0.0000000000000000
1694	17376.1030355257753399	0.0000000000000000
1695	17154.8643998433508386	0.0000000000000000
1696	16940.4974334968428593	0.0000000000000000
1697	16756.0474265630218724	0.0000000000000000
1698	16515.3550775515941496	0.0000000000000000
1699	16306.4581325275339623	0.0000000000000000
1700	16081.0606751218219870	0.0000000000000000
1701	15861.2684018630970968	0.0000000000000000
1702	15655.1318286611440271	0.0000000000000000
1703	15414.1877168659229937	0.0000000000000000
1704	15214.5228501891233464	0.0000000000000000
1705	14993.4116907067727880	0.0000000000000000
1706	14804.3584008747493499	0.0000000000000000
1707	14593.9508002161473996	0.0000000000000000
1708	14396.9504325254110881	0.0000000000000000
1709	14219.7089652894101164	0.0000000000000000
1710	14040.4846468967261899	0.0000000000000000
1711	13858.0556577941188152	0.0000000000000000
1712	13710.7968749997307896	0.0000000000000000
1713	13579.5199019829597091	0.0000000000000000
1714	13401.0392448628863349	0.0000000000000000
1715	13227.3044215377940418	0.0000000000000000
1716	13000.5821327477333398	0.0000000000000000
1717	12826.4211261309519614	0.0000000000000000
1718	12641.1664187330970890	0.0000000000000000
1719	12505.6068680077041790	0.0000000000000000
1720	12307.6353082245950645	0.0000000000000000
1721	12134.4649440274824883	0.0000000000000000
1722	11986.4526515860834479	0.0000000000000000
1723	11840.9231431959360634	0.0000000000000000
1724	11715.1586553119232121	0.0000000000000000
1725	11546.3225086021902825	0.0000000000000000
1726	11443.1768353842398938	0.0000000000000000
1727	11291.1518812896883901	0.0000000000000000
1728	11148.5534375002844172	0.0000000000000000
1729	10998.6996688314047788	0.0000000000000000
1730	10825.8436375141100143	0.0000000000000000
1731	10647.7260894229584665	0.0000000000000000
1732	10495.8276918757983367	0.0000000000000000
1733	10346.0104207611038873	0.0000000000000000
1734	10222.7411456854151766	0.0000000000000000
1735	10142.6930559671473020	0.0000000000000000
1736	10015.0637327413642197	0.0000000000000000
1737	9897.2129527194301772	0.0000000000000000
1738	9793.5877003128207434	0.0000000000000000
1739	9703.1826122471557028	0.0000000000000000
1740	9662.0128394338971702	0.0000000000000000
1741	9616.4640898040834145	0.0000000000000000
1742	9529.3362168395633489	0.0000000000000000
1743	9430.5083257186452101	0.0000000000000000
1744	9354.2730371367742919	0.0000000000000000
1745	9246.2580901654710033	0.0000000000000000
1746	9143.1310249546295381	0.0000000000000000
1747	9045.9278043284521118	0.0000000000000000
1748	8953.5504444444231922	0.0000000000000000
1749	8811.5655529587857018	0.0000000000000000
1750	8714.0828341066644498	0.0000000000000000
1751	8611.5054132796922204	0.0000000000000000
1752	8529.7019265885974164	0.0000000000000000
1753	8393.1668256252760330	0.0000000000000000
1754	8272.8921282796345622	0.0000000000000000
1755	8137.0741884007848057	0.0000000000000000
1756	8048.6156173763101833	0.0000000000000000
1757	7931.4079073227512708	0.0000000000000000
1758	7832.2526159327799178	0.0000000000000000
1759	7716.4773170824992121	0.0000000000000000
1760	7618.0251736105028613	0.0000000000000000
1761	7505.3832388394775990	0.0000000000000000
1762	7350.1363636368341758	0.0000000000000000
1763	7260.1773591869896336	0.0000000000000000
1764	7197.8131943065136511	0.0000000000000000
1765	7147.1929478451047544	0.0000000000000000
1766	7082.8071777072782425	0.0000000000000000
1767	6997.0154380005224084	0.0000000000000000
1768	6904.3094642858068255	0.0000000000000000
1769	6785.8743592713053658	0.0000000000000000
1770	6698.5754619327062755	0.0000000000000000
1771	6580.9723311919960906	0.0000000000000000
1772	6500.6061751727111186	0.0000000000000000
1773	6415.7173553712564171	0.0000000000000000
1774	6321.7438595557778171	0.0000000000000000
1775	6234.5952582221398188	0.0000000000000000
1776	6164.7281033734943776	0.0000000000000000
1777	6110.0349804605475583	0.0000000000000000
1778	6033.8269135797709168	0.0000000000000000
1779	5940.0543524820568564	0.0000000000000000
1780	5848.3331059250458566	0.0000000000000000
1781	5755.1842359968459277	0.0000000000000000
1782	5683.8476454298661338	0.0000000000000000
1783	5613.0694482017761402	0.0000000000000000
1784	5542.3207931585866390	0.0000000000000000
1785	5464.3400800931640333	0.0000000000000000
1786	5390.2262105936615626	0.0000000000000000
1787	5336.8469634919083546	0.0000000000000000
1788	5280.3269230765808970	0.0000000000000000
1789	5236.4641850897996846	0.0000000000000000
1790	5178.0405624660743342	0.0000000000000000
1791	5075.2783690897949782	0.0000000000000000
1792	4979.5662994384765625	0.0000000000000000
1793	4921.6284813531583495	0.0000000000000000
1794	4872.7685225369323234	0.0000000000000000
1795	4812.5190520083669981	0.0000000000000000
1796	4743.7797619042039514	0.0000000000000000
1797	4689.2324566278693965	0.0000000000000000
1798	4638.2963199999148856	0.0000000000000000
1799	4595.9096143604738245	0.0000000000000000
1800	4534.8536517955981253	0.0000000000000000
1801	4439.9738399254438264	0.0000000000000000
1802	4349.9137748694465699	0.0000000000000000
1803	4281.6275718455490278	0.0000000000000000
1804	4229.5237503356429443	0.0000000000000000
1805	4189.1907737639421612	0.0000000000000000
1806	4120.8753500441980577	0.0000000000000000
1807	4083.9305797070396693	0.0000000000000000
1808	4013.0192708333333940	0.0000000000000000
1809	3947.6413578194606089	0.0000000000000000
1810	3894.3657404143164058	0.0000000000000000
1811	3837.3742633831052444	0.0000000000000000
1812	3762.3766159148367478	0.0000000000000000
1813	3683.4814486189261515	0.0000000000000000
1814	3616.6735152315472988	0.0000000000000000
1815	3552.2218128908093604	0.0000000000000000
1816	3510.5716966415848219	0.0000000000000000
1817	3448.6494068698798401	0.0000000000000000
1818	3362.8998865779217340	0.0000000000000000
1819	3342.1347418997602290	0.0000000000000000
1820	3336.5484764539046409	0.0000000000000000
1821	3315.7310058409480007	0.0000000000000000
1822	3293.1212702635530150	0.0000000000000000
1823	3202.7784888890246293	0.0000000000000000
1824	3133.4374999996894076	0.0000000000000000
1825	3073.0571899700448739	0.0000000000000000
1826	3020.9286178068678055	0.0000000000000000
1827	2961.7267050219397788	0.0000000000000000
1828	2901.5234504126688080	0.0000000000000000
1829	2867.6797606394238755	0.0000000000000000
1830	2821.6654322032118216	0.0000000000000000
1831	2794.7970014232414542	0.0000000000000000
1832	2755.2522719477096871	0.0000000000000000
1833	2707.5743428875343852	0.0000000000000000
1834	2674.6884880775610327	0.0000000000000000
1835	2632.6675924084302096	0.0000000000000000
1836	2588.1391509439672518	0.0000000000000000
1837	2512.1192920196826890	0.0000000000000000
1838	2460.2695238094834167	0.0000000000000000
1839	2415.7016093947777335	0.0000000000000000
1840	2378.8013128698798937	0.0000000000000000
1841	2324.4742934488713217	0.0000000000000000
1842	2285.1959892542899979	0.0000000000000000
1843	2240.2484473532995253	0.0000000000000000
1844	2201.7405565162657695	0.0000000000000000
1845	2169.2476643446793787	0.0000000000000000
1846	2144.8505538666399843	0.0000000000000000
1847	2099.1975693675099137	0.0000000000000000
1848	2044.1285749998444317	0.0000000000000000
1849	2010.9911113355849466	0.0000000000000000
1850	1959.0249464341375187	0.0000000000000000
1851	1922.2229895124360155	0.0000000000000000
1852	1890.2936276549803551	0.0000000000000000
1853	1854.1041420120698149	0.0000000000000000
1854	1817.1811031990043830	0.0000000000000000
1855	1775.2124352331607042	0.0000000000000000
1856	1718.7004937069450534	0.0000000000000000
1857	1657.5823305283286118	0.0000000000000000
1858	1611.8447091418943273	0.0000000000000000
1859	1575.9696257108935242	0.0000000000000000
1860	1524.9078202801558746	0.0000000000000000
1861	1506.8808087159227398	0.0000000000000000
1862	1477.0621459128294646	0.0000000000000000
1863	1446.2214755295235591	0.0000000000000000
1864	1424.3489189505532977	0.0000000000000000
1865	1405.5630505541141702	0.0000000000000000
1866	1361.4090991430125541	0.0000000000000000
1867	1320.7563261201107707	0.0000000000000000
1868	1286.1677777780705583	0.0000000000000000
1869	1253.2236197374386393	0.0000000000000000
1870	1250.2354816313502397	0.0000000000000000
1871	1227.7043952881754194	0.0000000000000000
1872	1201.4625516523335591	0.0000000000000000
1873	1183.5062857145451289	0.0000000000000000
1874	1164.8103117986520374	0.0000000000000000
1875	1153.7432256336962837	0.0000000000000000
1876	1122.5755813953487632	0.0000000000000000
1877	1081.9790704828633352	0.0000000000000000
1878	1047.6656055359724178	0.0000000000000000
1879	1029.8480445356983637	0.0000000000000000
1880	1027.2412131514006433	0.0000000000000000
1881	1012.3053892212578830	0.0000000000000000
1882	996.3425025397719992	0.0000000000000000
1883	970.1637465566841456	0.0000000000000000
1884	953.7441998808708377	0.0000000000000000
1885	943.2543565808399535	0.0000000000000000
1886	917.8537570493393787	0.0000000000000000
1887	889.6539099577333900	0.0000000000000000
1888	838.9524609372274426	0.0000000000000000
1889	819.4645781420301773	0.0000000000000000
1890	804.9902659826024092	0.0000000000000000
1891	801.5987261146497076	0.0000000000000000
1892	802.3004602237787140	0.0000000000000000
1893	792.9893444323461154	0.0000000000000000
1894	776.3701298703075508	0.0000000000000000
1895	763.2142338419959060	0.0000000000000000
1896	753.7095308165612551	0.0000000000000000
1897	729.4819086883602495	0.0000000000000000
1898	702.5791111107356528	0.0000000000000000
1899	680.2771947214531565	0.0000000000000000
1900	680.1397918183687352	0.0000000000000000
1901	689.3072330967561356	0.0000000000000000
1902	687.9218427477570685	0.0000000000000000
1903	661.0159809755779179	0.0000000000000000
1904	659.4484953700617780	0.0000000000000000
1905	638.6827717741415427	0.0000000000000000
1906	604.0619420745068737	0.0000000000000000
1907	580.3849403950086980	0.0000000000000000
1908	542.4576530607791938	0.0000000000000000
1909	533.5239376849955306	0.0000000000000000
1910	515.1510712034811377	0.0000000000000000
1911	523.1221695347488776	0.0000000000000000
1912	490.1013192043653248	0.0000000000000000
1913	482.7588477366397228	0.0000000000000000
1914	470.8233459574129824	0.0000000000000000
1915	473.4650913000717765	0.0000000000000000
1916	475.9622933888776402	0.0000000000000000
1917	451.2200920697979427	0.0000000000000000
1918	437.1034911238010636	0.0000000000000000
1919	413.8587825252122343	0.0000000000000000
1920	403.1375732421875000	0.0000000000000000
1921	385.0770041540390594	0.0000000000000000
1922	380.4739229030563479	0.0000000000000000
1923	361.8067839994160408	0.0000000000000000
1924	347.6810613948975970	0.0000000000000000
1925	326.7601295530330390	0.0000000000000000
1926	313.1461300725312071	0.0000000000000000
1927	305.9946724953435933	0.0000000000000000
1928	295.4266666661171712	0.0000000000000000
1929	294.9627851134943057	0.0000000000000000
1930	294.7575409366755252	0.0000000000000000
1931	309.5807582736144923	0.0000000000000000
1932	302.8689060643062589	0.0000000000000000
1933	302.2580718341688453	0.0000000000000000
1934	299.2229916892410415	0.0000000000000000
1935	296.0150364162008714	0.0000000000000000
1936	289.2461734695357904	0.0000000000000000
1937	281.6939371809193631	0.0000000000000000
1938	271.9828099177917693	0.0000000000000000
1939	275.0746570159830640	0.0000000000000000
1940	283.3726851851851620	0.0000000000000000
1941	283.9924010825017149	0.0000000000000000
1942	272.1891242434712126	0.0000000000000000
1943	267.2508843539526424	0.0000000000000000
1944	266.0985576923076792	0.0000000000000000
1945	252.5465171083715177	0.0000000000000000
1946	250.8119953862008060	0.0000000000000000
1947	224.7585530833451912	0.0000000000000000
1948	222.0800000002945183	0.0000000000000000
1949	218.5841240689588858	0.0000000000000000
1950	238.5864223246248912	0.0000000000000000
1951	250.2608141141161013	0.0000000000000000
1952	240.6210937503977618	0.0000000000000000
1953	233.2602770080477512	0.0000000000000000
1954	224.5602082387857479	0.0000000000000000
1955	230.3440860215053760	0.0000000000000000
1956	224.7143194711553349	0.0000000000000000
1957	210.7479772974217553	0.0000000000000000
1958	191.9733333330511016	0.0000000000000000
1959	183.4547405625363865	0.0000000000000000
1960	183.9183884295257769	0.0000000000000000
1961	185.8504425952018266	0.0000000000000000
1962	175.1941590046721160	0.0000000000000000
1963	165.1036678201813288	0.0000000000000000
1964	141.4316893417937138	0.0000000000000000
1965	140.5346204090852211	0.0000000000000000
1966	149.5523497923532830	0.0000000000000000
1967	145.1728395061728349	0.0000000000000000
1968	138.9018749994764335	0.0000000000000000
1969	132.3888799872859465	0.0000000000000000
1970	128.6553254433980840	0.0000000000000000
1971	116.6063417097162045	0.0000000000000000
1972	104.1002423819399638	0.0000000000000000
1973	97.9628444448175486	0.0000000000000000
1974	100.2118334545961602	0.0000000000000000
1975	90.9789829238135326	0.0000000000000000
1976	88.0416666670967629	0.0000000000000000
1977	85.7004562586264740	0.0000000000000000
1978	79.7836734695384990	0.0000000000000000
1979	69.1398865781307705	0.0000000000000000
1980	61.2577854670543118	0.0000000000000000
1981	59.1590554691506227	0.0000000000000000
1982	50.5422405879997498	0.0000000000000000
1983	46.7133727809879957	0.0000000000000000
1984	43.2868652343750000	0.0000000000000000
1985	53.6381960193467648	0.0000000000000000
1986	61.3608220598581582	0.0000000000000000
1987	56.2174146737279301	0.0000000000000000
1988	53.2977777783778350	0.0000000000000000
1989	51.5670784251326353	0.0000000000000000
1990	48.2764565993744199	0.0000000000000000
1991	46.6029547557128581	0.0000000000000000
1992	37.1919642857142847	0.0000000000000000
1993	28.5818181818181820	0.0000000000000000
1994	29.8611111111111107	0.0000000000000000
1995	34.2830188675862644	0.0000000000000000
1996	37.3076923074952944	0.0000000000000000
1997	33.2941176474851090	0.0000000000000000
1998	39.7799999994877709	0.0000000000000000
1999	46.7142857143391694	0.0000000000000000
2000	51.4791666662373828	0.0000000000000000
2001	38.0851063832499435	0.0000000000000000
2002	30.1304347825530172	0.0000000000000000
2003	23.1555555554960542	0.0000000000000000
2004	13.6699380166484676	0.0000000000000000
2005	7.2861005954260314	0.0000000000000000
2006	0.6241496596152761	0.0000000000000000
2007	10.5359904815743839	0.0000000000000000
2008	11.1406250000000000	0.0000000000000000
2009	15.3096646943117651	0.0000000000000000
2010	7.6994459827746091	0.0000000000000000
2011	10.0993425856907599	0.0000000000000000
2012	5.1250000004252394	0.0000000000000000
2013	-2.8342857147974430	0.0000000000000000
2014	1.0155709340315833	0.0000000000000000
2015	-0.7906336083101588	0.0000000000000000
2016	9.9941406250000000	0.0000000000000000
2017	3.5629552549029131	0.0000000000000000
2018	-4.6133333335038822	0.0000000000000000
2019	-6.3519619496183966	0.0000000000000000
2020	-6.5612244892477714	0.0000000000000000
2021	-18.7736625518192781	0.0000000000000000
2022	-18.8461538461538467	0.0000000000000000
2023	-21.0223999996419302	0.0000000000000000
2024	-0.9479166666666666	0.0000000000000000
2025	15.0075614368397510	0.0000000000000000
2026	26.2809917349560145	0.0000000000000000
2027	38.1632653063047442	0.0000000000000000
2028	29.7199999997435960	0.0000000000000000
2029	34.4099722995053625	0.0000000000000000
2030	7.4629629635310266	0.0000000000000000
2031	-16.8823529411764710	0.0000000000000000
2032	-46.0312500000000000	0.0000000000000000
2033	-51.0133333334175418	0.0000000000000000
2034	-44.9693877549205894	0.0000000000000000
2035	-27.8224852073953315	0.0000000000000000
2036	-6.6805555551303160	0.0000000000000000
2037	6.2148760325931525	0.0000000000000000
2038	20.3899999994886443	0.0000000000000000
2039	36.0987654319566573	0.0000000000000000
2040	25.7812500000000000	0.0000000000000000
2041	0.0000000000000000	0.0000000000000000
2042	0.0000000004268562	0.0000000000000000
2043	0.0000000005122274	0.0000000000000000
2044	0.0000000000000000	0.0000000000000000
2045	-0.0000000004268562	0.0000000000000000
2046	0.0000000000000000	0.0000000000000000
2047	0.0000000000000000	0.0000000000000000
