0	1.0000000000000000	0.0001756464945765
1	-0.0118901793634331	0.0001739155234741
2	-0.0348150733862929	0.0001740450413849
3	0.0137605655454379	0.0001743111656739
4	-0.0201410451619331	0.0001744216263753
5	0.0194644578109548	0.0001746702963062
6	0.0028483162980562	0.0001748157848933
7	-0.0675590042179850	0.0001748590462208
8	0.0007340622254223	0.0001751670678102
9	0.0225158768175262	0.0001753837033909
10	-0.0166601308060034	0.0001754847257360
11	0.0279613853627088	0.0001757460157214
12	-0.0075716116567209	0.0001758588659913
13	-0.0399012623410271	0.0001759731406420
14	-0.0306868381588784	0.0001761718445462
15	0.0288144066824185	0.0001764623616516
16	0.0217124682426202	0.0001766280092422
17	-0.0191871051945852	0.0001767315878436
18	-0.0608599547196334	0.0001768328219653
19	0.0050685803680591	0.0001771368186794
20	0.0004743186425479	0.0001773097517701
21	-0.0445126995217556	0.0001774070382427
22	-0.0436259993880601	0.0001775883073781
23	0.0005475277865884	0.0001778543370588
24	0.0014447150524721	0.0001780395125248
25	-0.0381872223367997	0.0001781450486387
26	0.0343533605604801	0.0001784680845423
27	-0.0048125190335399	0.0001785788997465
28	0.0252047936693512	0.0001788151407078
29	-0.0086512999266401	0.0001789382938309
30	-0.0151009082564824	0.0001791122720435
31	0.0027278387170974	0.0001793268010207
32	0.0280135931239834	0.0001795618968840
33	0.0116923707410989	0.0001797128909919
34	0.0141349372015005	0.0001799045724487
35	-0.0170573748228708	0.0001800334278460
36	0.0025490127603802	0.0001802583636678
37	0.0111604310437416	0.0001804604766238
38	-0.0637897270543666	0.0001805056104170
39	-0.0362934308529335	0.0001807457626766
40	0.0067310288072625	0.0001810148902881
41	-0.0268909365646402	0.0001811397809521
42	0.0269949569900031	0.0001814301515154
43	0.0819955735283895	0.0001817233936211
44	-0.0494108770376550	0.0001816639612113
45	0.0523820708709195	0.0001820448891837
46	0.0189882579460646	0.0001821729222493
47	-0.0425030897789978	0.0001822460030707
48	0.0812648046124708	0.0001826701255182
49	0.0188876053835453	0.0001827453057172
50	-0.0410697951069402	0.0001828234275953
51	-0.0421024484963618	0.0001830148107482
52	-0.0075967579427023	0.0001832728524931
53	0.0435802097974112	0.0001835622264684
54	-0.0233209508198566	0.0001836306480009
55	-0.0663107840039406	0.0001837420885129
56	-0.0149778799611285	0.0001840330011661
57	-0.0149423114988254	0.0001842306326156
58	-0.0001358492998240	0.0001844530015323
59	-0.0088496698322986	0.0001846323842464
60	0.0082548788209254	0.0001848624301014
61	-0.0030309503810640	0.0001850374296479
62	-0.0161029485964287	0.0001852114434400
63	0.0427976532240555	0.0001855181568596
64	0.0245232180095405	0.0001856834863833
65	-0.0251943089777347	0.0001857846176433
66	-0.0097847899015463	0.0001860116579070
67	0.0190585043649474	0.0001862658355141
68	0.0032393910874280	0.0001864353408094
69	0.0857310155128786	0.0001867914994554
70	-0.0386179631871065	0.0001867550926136
71	0.0702579618078507	0.0001871625473400
72	-0.0433197252759366	0.0001871488331506
73	-0.0264133605987888	0.0001873840313730
74	0.0265397495869663	0.0001876840018298
75	-0.0225818500137170	0.0001877960747084
76	0.0042779273148375	0.0001880473085146
77	-0.0158851504072241	0.0001882136116241
78	-0.0035198514767503	0.0001884426481109
79	0.0465509459551191	0.0001887404595021
80	-0.0043165179219530	0.0001888498270785
81	-0.0543007804209319	0.0001889602973876
82	0.0145173906327629	0.0001892956591383
83	-0.0077618994676359	0.0001894590562892
84	-0.0089669530502063	0.0001896628996578
85	-0.0045042160970674	0.0001898790966904
86	-0.0108190659008705	0.0001900759228736
87	-0.0736441345095367	0.0001901659029272
88	-0.0316936547444335	0.0001904560464688
89	-0.0024659442436311	0.0001907199057674
90	0.0097607917056671	0.0001909512119856
91	0.0078804874966454	0.0001911589636430
92	0.0012832562125018	0.0001913581979057
93	0.0586168601699695	0.0001916756835771
94	-0.0026397441765249	0.0001917727846048
95	0.0678932471006493	0.0001921176947181
96	0.0104003923682036	0.0001922213560147
97	-0.0059304514691805	0.0001924040063888
98	-0.0136092472852180	0.0001926038041860
99	0.0301061054541629	0.0001928987739953
100	-0.0305695493046113	0.0001929998130318
101	-0.0143959187422406	0.0001932449573610
102	-0.0316805185523244	0.0001934279784119
103	0.0153356621626000	0.0001937328715611
104	0.0007017830370025	0.0001939243615171
105	-0.0234006533986359	0.0001940950500277
106	0.0130961190099262	0.0001943800017854
107	-0.0124331518165768	0.0001945502927352
108	-0.0790354952514429	0.0001946416236668
109	-0.0159645493785679	0.0001949795973998
110	-0.0298308343183609	0.0001951695655313
111	-0.0436931986620181	0.0001953596082289
112	0.0307747708799376	0.0001957191905693
113	-0.0230539279625957	0.0001958379621628
114	-0.0187969573530849	0.0001960676785808
115	-0.0119226541986696	0.0001963036919412
116	-0.0063544276419543	0.0001965344314821
117	0.0018862495966296	0.0001967716637037
118	0.0242915206275827	0.0001970378042786
119	0.0653131901080968	0.0001973362668557
120	-0.0592918398903572	0.0001973266923272
121	-0.0004779464287126	0.0001976620438591
122	0.0061429562907682	0.0001978989221881
123	-0.0061827884197147	0.0001981007078267
124	-0.0251957387001457	0.0001982905916620
125	0.0010414837031647	0.0001985687081984
126	-0.0153446860419378	0.0001987624466642
127	0.0600468018016727	0.0001991311020547
128	-0.0220227946715312	0.0001992052371037
129	0.0291491033714741	0.0001995299803800
130	-0.0775432054365335	0.0001995595488857
131	0.0008852471176014	0.0001999378150452
132	0.0214040026630266	0.0002002044904619
133	0.0177249073449066	0.0002004303994057
134	-0.0078268790209249	0.0002006134648353
135	0.0072668850039325	0.0002008763325073
136	-0.0268538855384475	0.0002010428532476
137	0.0424583345986948	0.0002014059989814
138	0.0762082237017171	0.0002017004666967
139	-0.0480643066117678	0.0002017013903281
140	0.0119910522643916	0.0002020513090921
141	0.0204346773077072	0.0002023014232884
142	0.0330192793467124	0.0002025582175778
143	-0.0423014937565692	0.0002026512394010
144	0.0005328678075907	0.0002029704031046
145	-0.0097564439885239	0.0002031921359690
146	0.0401737680987748	0.0002035210973570
147	0.0222714867366377	0.0002037254591884
148	0.0169199405539149	0.0002039536068325
149	-0.0494534133627635	0.0002040687069346
150	-0.0187715569040007	0.0002043645016546
151	-0.0058187134074276	0.0002046304734990
152	0.0173062350527132	0.0002049160457542
153	0.0094178595309933	0.0002051433853184
154	-0.0439785809812766	0.0002052850257032
155	-0.0201493647996111	0.0002055722034393
156	0.0128032514251527	0.0002058779802988
157	0.0004050507785938	0.0002060972096460
158	-0.0401229110047281	0.0002062653126204
159	-0.0477692866562407	0.0002064951035919
160	-0.0170516096847774	0.0002067972642032
161	0.0370579862050954	0.0002071472671704
162	0.0441339374782646	0.0002074063868313
163	0.0168358850579419	0.0002076025972879
164	0.0077389728999428	0.0002078377303908
165	0.0195021451655610	0.0002081055578624
166	0.0196894404053694	0.0002083551296672
167	0.0383021362598143	0.0002086393443885
168	0.0033646290219121	0.0002088249151842
169	-0.0334757551777515	0.0002090058043962
170	-0.0002295848443924	0.0002093214372038
171	-0.0664833762675119	0.0002094487921528
172	-0.0077725617387105	0.0002098113051884
173	-0.0412031913823786	0.0002100041685465
174	-0.0315381168825275	0.0002102754846129
175	-0.0103023453429234	0.0002105674592891
176	-0.0479553116900296	0.0002107537053490
177	0.0305327035034326	0.0002111596003573
178	0.0014934818482022	0.0002113625202596
179	-0.0104168914848134	0.0002115960090774
180	0.0062608714431083	0.0002118844855429
181	-0.0166114786372515	0.0002121001824968
182	0.0008987648252786	0.0002123925519612
183	0.0262862372022144	0.0002126987522805
184	-0.0366856144111140	0.0002128397666098
185	-0.0664675833242348	0.0002130425780238
186	0.0263314354325490	0.0002134799033892
187	0.0380847119710334	0.0002137631711956
188	0.0214919595969472	0.0002139929231015
189	-0.0102351710336035	0.0002141958531246
190	0.0151275014484136	0.0002145053172318
191	-0.0322178505605797	0.0002146778044945
192	0.0035855574372748	0.0002150127751354
193	-0.0445557038615325	0.0002151875937157
194	-0.0140838227393098	0.0002155128171118
195	0.0381146216656450	0.0002158747541767
196	0.0168605718631970	0.0002161048041393
197	-0.0182614303432233	0.0002163090860519
198	0.0213520590431275	0.0002166537925445
199	0.0290904098422713	0.0002169389883257
200	-0.0664517175705323	0.0002170287666034
201	-0.0492759815048819	0.0002173302986519
202	0.0279060920756871	0.0002177490206951
203	-0.0360883842508097	0.0002178990540488
204	-0.0248575167316288	0.0002181990332934
205	0.0253413437546683	0.0002185633185301
206	-0.0290008286090456	0.0002187363619781
207	-0.0250530645145499	0.0002190208774410
208	-0.0313046626417574	0.0002192843871662
209	0.0092047519489539	0.0002196392648857
210	0.0190914179173525	0.0002199341976398
211	0.0988962478835481	0.0002203581674919
212	-0.0625092427896437	0.0002203315675981
213	-0.0378145778013137	0.0002206593330318
214	-0.0022761132360994	0.0002210061814155
215	0.0047885782997329	0.0002212987946577
216	-0.0333443685049385	0.0002215107162595
217	-0.0592632491812380	0.0002217436687757
218	-0.0050467673455241	0.0002221292672075
219	0.0642819528128871	0.0002225460122384
220	0.0251660957485966	0.0002227549183444
221	-0.0246447974231281	0.0002229471600568
222	0.0402610584597145	0.0002233557136888
223	0.0087154433907623	0.0002235838864267
224	0.0151196479698380	0.0002238840452747
225	0.0484136625097871	0.0002242364797471
226	-0.0361555849305360	0.0002243681145867
227	-0.0121951914987361	0.0002247042582297
228	0.0243538416642783	0.0002250645855633
229	-0.0057938622296638	0.0002252992094629
230	0.0158089396787830	0.0002256307778428
231	0.0582382458580458	0.0002260046354252
232	-0.0137990832851743	0.0002261612921296
233	0.0021823704542568	0.0002264848967539
234	0.0507500346393138	0.0002268721900286
235	-0.0179696284064144	0.0002270387532947
236	-0.0355784332474183	0.0002273024006509
237	-0.0162546010115277	0.0002276363486256
238	-0.0332734689478949	0.0002279021875945
239	0.0004455969649905	0.0002282682019578
240	-0.0644759127345150	0.0002284485110398
241	0.0176525263070392	0.0002289046802699
242	-0.0316290762606625	0.0002291144741391
243	0.0194034853617842	0.0002295113294521
244	0.0604470688655095	0.0002298877458537
245	-0.0154701919445548	0.0002300493304039
246	0.0365833474169404	0.0002304534413888
247	-0.0294690017422680	0.0002306336577839
248	-0.0252366008505765	0.0002309467320991
249	-0.0300556067354800	0.0002312469236460
250	0.0042840857387820	0.0002316183693179
251	0.0572685489563936	0.0002320266486849
252	0.0080247691791276	0.0002322457371455
253	0.0066670072971789	0.0002325503972961
254	0.0167050841663556	0.0002328792450556
255	0.0311416939578374	0.0002332191794667
256	0.0392039555266390	0.0002335484346375
257	-0.0109700132022550	0.0002337688831735
258	0.0704194173670105	0.0002342370211834
259	0.0424938204548722	0.0002345000420871
260	0.0191351956226356	0.0002347694446165
261	-0.0284284372081138	0.0002349996203605
262	0.0300971225783231	0.0002354256292736
263	0.0190508516769919	0.0002357270949787
264	-0.0082080814313718	0.0002359939090435
265	0.0382354451782405	0.0002364026467234
266	-0.0504534341147026	0.0002365556913945
267	0.0063557683709174	0.0002369877916791
268	0.0054278093251183	0.0002373139403973
269	0.0044124037571309	0.0002376347823429
270	-0.0056486616267633	0.0002379422402853
271	-0.0191523939322822	0.0002382437074370
272	-0.0453605361790520	0.0002385217536517
273	0.0196414579399311	0.0002389716118033
274	-0.0631243840364344	0.0002391391825345
275	-0.0027264712867551	0.0002395841828316
276	-0.0321828010340780	0.0002398592387432
277	0.0396359143221868	0.0002403246168715
278	0.0033536885356010	0.0002405931014939
279	-0.0212323708750741	0.0002408748650125
280	-0.0048801532199348	0.0002412395266422
281	0.0141579412850875	0.0002416073346050
282	0.0682845751420156	0.0002420477255368
283	0.0074420512437289	0.0002422706547977
284	0.0016382921603263	0.0002425977836083
285	0.0005596820804720	0.0002429362158427
286	-0.0356439228793923	0.0002432076527901
287	0.0227243245528703	0.0002436557208673
288	0.0579993170822653	0.0002440673562001
289	0.0070452007231053	0.0002443139221246
290	-0.0019729206682260	0.0002446377858443
291	0.0197097014210161	0.0002450227181833
292	-0.0283160524971102	0.0002452763199208
293	0.0257834020584875	0.0002457243747848
294	0.0142475789717588	0.0002460467177907
295	-0.0052673717363469	0.0002463565936875
296	-0.0481698521255603	0.0002466282926904
297	-0.0708805957935380	0.0002469357272804
298	-0.0038102454237539	0.0002474081802728
299	0.0458509642813830	0.0002478585803075
300	-0.0009353624325668	0.0002481233464085
301	0.0556315878354887	0.0002485879019527
302	0.0184904546088202	0.0002488760388631
303	-0.0165278387847122	0.0002491636452464
304	0.1013605120796810	0.0002497409700790
305	-0.0443018375596969	0.0002498254489553
306	-0.0346338876874310	0.0002502009501095
307	0.0016840099904622	0.0002506290285359
308	0.0393074333533860	0.0002510584322489
309	-0.0001018510816990	0.0002513485137450
310	-0.0007993763594408	0.0002517091264375
311	-0.0274891860902697	0.0002520237565542
312	-0.0304051715695037	0.0002523856619762
313	0.0305365115218116	0.0002528669089613
314	0.0442456230636879	0.0002532610945373
315	0.0592648051094565	0.0002536606601511
316	-0.0080135815472935	0.0002539062422730
317	0.0253357372778273	0.0002543401174213
318	-0.0388660511647364	0.0002545948863199
319	-0.0559933981496726	0.0002549345543941
320	0.0143548841424017	0.0002554440498430
321	-0.0164670657546083	0.0002557603493156
322	0.0129912266690311	0.0002561901006166
323	-0.0167887656107258	0.0002565152191094
324	0.0065222691448470	0.0002569394028545
325	0.0334247114622632	0.0002573707310531
326	0.0435893804989693	0.0002577710721642
327	-0.0090645121364465	0.0002580553531197
328	0.0031683223469283	0.0002584658611400
329	-0.0009196358546572	0.0002588393309785
330	-0.0141372754290366	0.0002591981029482
331	-0.0390307945023313	0.0002595410226044
332	-0.0540560559935747	0.0002599004203666
333	0.0019517648264737	0.0002603936594543
334	0.0592255906360350	0.0002608902027679
335	-0.0333159898258349	0.0002611077097565
336	0.0573905749564671	0.0002616715403003
337	0.0138747398368879	0.0002619810330759
338	-0.0936790412935656	0.0002621742253605
339	-0.0355868235834974	0.0002626809782603
340	0.0194419966377625	0.0002631804581929
341	0.0041998697246572	0.0002635514332042
342	-0.0419890343622746	0.0002638627642926
343	-0.0363255511449889	0.0002642725591236
344	0.0308552987578061	0.0002648006176871
345	-0.0143347784359852	0.0002651201122714
346	0.0050451006253445	0.0002655621069113
347	0.0404378769873034	0.0002660346155785
348	-0.0292385306756715	0.0002663098517779
349	0.0140882288265259	0.0002667985606813
350	0.0018249319621900	0.0002671880726016
351	-0.0031325822460891	0.0002675895911713
352	0.0500768104113518	0.0002681036934574
353	0.0286140845473097	0.0002684761421752
354	-0.0836533461423466	0.0002686815535200
355	0.0551663031469894	0.0002693603802196
356	0.0638297349392875	0.0002697942068500
357	0.0211470663222575	0.0002701298405848
358	0.0381571998096299	0.0002705819837223
359	-0.0243497820915929	0.0002708932573478
360	-0.0123558277617436	0.0002713371463322
361	-0.0209771837384026	0.0002717419757311
362	0.0573698239379196	0.0002723170093102
363	0.0017819880135158	0.0002726415478401
364	-0.0502605064079237	0.0002729758779001
365	-0.0305293972926609	0.0002734398173923
366	-0.0302088502625365	0.0002738712184293
367	0.0061541552508668	0.0002743699990265
368	-0.0099469146025902	0.0002747729089928
369	-0.0315512254048451	0.0002751659410321
370	-0.0108517990086525	0.0002756415327589
371	-0.0099315516091237	0.0002760808731219
372	0.0064634566674981	0.0002765488575459
373	0.0312346394999882	0.0002770384786888
374	0.0023149842655813	0.0002774251400511
375	0.0143163839381149	0.0002778931339028
376	0.0122458449422306	0.0002783324137683
377	-0.0410694252687699	0.0002786745410252
378	-0.0142689955432456	0.0002791706550458
379	0.0108524849447141	0.0002796701200957
380	-0.0135683380393301	0.0002800737925373
381	0.0148123098799695	0.0002805846099049
382	0.0307195194322566	0.0002810684364450
383	0.0066342379509166	0.0002814803798479
384	0.0152136556243437	0.0002819540475048
385	0.0130621842715699	0.0002824045681108
386	0.0304729592976148	0.0002828971513091
387	-0.0690806473590549	0.0002831721424573
388	-0.0166842994823046	0.0002837311902127
389	0.0356135895883886	0.0002842948351726
390	0.0426203143396173	0.0002847725000992
391	-0.0016407598898489	0.0002851565183159
392	0.0098451229466581	0.0002856474556020
393	-0.0168700508372541	0.0002860651218888
394	-0.0304778139274637	0.0002865116136037
395	0.0303991775995058	0.0002871039569420
396	-0.0792426314344840	0.0002873711373164
397	0.0419742912783271	0.0002880767826354
398	-0.0092134209428189	0.0002884581676236
399	0.0307492715345651	0.0002890141317830
400	0.0588551507764747	0.0002895480239111
401	0.0083768957130890	0.0002899356366116
402	-0.0488165179436266	0.0002903123494066
403	0.0282770802302493	0.0002909504181499
404	0.0309542660470066	0.0002914418022900
405	-0.0630109967570102	0.0002917537811287
406	-0.0097713844502588	0.0002923440629864
407	-0.0084132644707889	0.0002928427364749
408	-0.0026342838840808	0.0002933486184682
409	-0.0422428996972423	0.0002937681262426
410	-0.0094104116565293	0.0002943243868953
411	-0.0045776617072548	0.0002948339552969
412	-0.1151347636153267	0.0002951253634093
413	-0.0599090047632287	0.0002957293942274
414	-0.0630312043646552	0.0002962286201158
415	0.0470884978358862	0.0002969470850846
416	0.0657524233550972	0.0002974864768685
417	-0.0051493190049354	0.0002978633313075
418	0.0011684728170182	0.0002983854494975
419	0.0010468112596020	0.0002988975054407
420	0.0179062558301418	0.0002994412845317
421	0.0091930851077619	0.0002999426051251
422	-0.0312464716260581	0.0003003880376697
423	0.0628967379781196	0.0003010823409303
424	-0.0116911594641230	0.0003014657452519
425	0.0029748240316191	0.0003020122865681
426	0.0351782714331294	0.0003026010266379
427	-0.0286101576819050	0.0003030030306054
428	-0.0419137527481952	0.0003035079241172
429	-0.0050106208698383	0.0003041122818532
430	-0.0672669830793602	0.0003045303394772
431	0.0258008210509536	0.0003052395871819
432	0.0587487501917698	0.0003058349080671
433	0.0052079546435112	0.0003062721197830
434	0.0083326685573950	0.0003068173515120
435	-0.0013609414994531	0.0003073393822109
436	-0.0071785356383096	0.0003078674226624
437	-0.0330069839252022	0.0003083621328967
438	-0.0598019174112164	0.0003088619221455
439	-0.0559723951052754	0.0003094177359003
440	0.0068452114135200	0.0003100871824955
441	-0.0377274483919850	0.0003105577757028
442	-0.0294845887392970	0.0003111259597987
443	0.0513006221573339	0.0003118360692115
444	-0.0067240480295386	0.0003122859476220
445	0.0194243266732731	0.0003128974193227
446	0.0101759441968626	0.0003134396314814
447	-0.0515972681635080	0.0003138886239802
448	0.0341831861065817	0.0003146183898164
449	-0.0079592575933529	0.0003151124716270
450	0.0173439164659274	0.0003157354520098
451	0.0032889826591634	0.0003162864463971
452	0.0590523158420186	0.0003169692256301
453	-0.0123081015443377	0.0003174150009973
454	-0.0115263465660985	0.0003179977172883
455	0.0490005890713819	0.0003186909375579
456	-0.0352411987568042	0.0003191127286654
457	-0.0375687247586135	0.0003196953690045
458	-0.0183899808500325	0.0003203164342586
459	0.0006102099709457	0.0003209456294476
460	0.0255004110455625	0.0003215882581478
461	-0.0325823081298759	0.0003220725035365
462	-0.0279683183752662	0.0003226797585698
463	0.0059514424371653	0.0003233368140068
464	0.0623763789142541	0.0003240413714179
465	-0.0130750759985770	0.0003245030115437
466	0.0050056613968243	0.0003251428145180
467	-0.0922728087917640	0.0003255708225442
468	0.0586253815847020	0.0003264675691306
469	0.0151198545849062	0.0003269928641238
470	-0.0859712517014008	0.0003274205758877
471	-0.0054859466657221	0.0003281845218323
472	0.0262401682673423	0.0003288645402121
473	-0.0346394600838600	0.0003293690643384
474	0.0870500371413963	0.0003302264172986
475	-0.0643317217458718	0.0003305639951360
476	-0.0278078365942453	0.0003312610484303
477	0.0166507413757995	0.0003319801580739
478	0.0401523164198564	0.0003326579254242
479	-0.0323543269017130	0.0003331622007955
480	-0.0302963858145456	0.0003338091164355
481	-0.0405375662769680	0.0003344315749856
482	0.0444087590108593	0.0003352382325075
483	-0.0427922509025598	0.0003357166018655
484	0.0107633598373829	0.0003364637387996
485	0.0164478786045462	0.0003371292259765
486	-0.0349111228760917	0.0003376930951171
487	-0.0184961560473137	0.0003383779291933
488	-0.0229930960959789	0.0003390244716855
489	-0.0171646969119455	0.0003396977569729
490	-0.0172207853064941	0.0003403590580174
491	-0.0075599768336483	0.0003410479549156
492	0.0899544240963967	0.0003419059804226
493	0.0004539361055689	0.0003424101610560
494	0.0075275735362429	0.0003430943616504
495	-0.0631133508732899	0.0003436385613116
496	0.0481989017715246	0.0003445296908395
497	0.0692019334231045	0.0003452487943787
498	0.0020170978129008	0.0003458052092029
499	-0.0324841903438308	0.0003464242261399
500	0.0043090253378129	0.0003471907826990
501	0.0312340774325231	0.0003479300913049
502	0.0436847200674853	0.0003486456556156
503	0.0830630366561526	0.0003494165466577
504	-0.0465739963569218	0.0003498776782063
505	-0.0468471805864869	0.0003505808968252
506	0.0568068527387532	0.0003514793098896
507	-0.0274386586099580	0.0003520350876934
508	0.0321949083103272	0.0003528673671577
509	-0.0088383341669008	0.0003535056776189
510	-0.0307038166809350	0.0003541803115006
511	0.0426901199774920	0.0003550425656696
512	0.0273527658487478	0.0003557355910755
513	0.0263059100786502	0.0003564591686872
514	0.0760732095592005	0.0003572917451066
515	-0.0421836907486686	0.0003578055124758
516	-0.0236275140528750	0.0003585748414693
517	0.0053659554727952	0.0003593654732012
518	0.0185923556415984	0.0003601377810608
519	0.0401169260829521	0.0003609249797248
520	0.0093803338018472	0.0003616235670461
521	0.0124406419659183	0.0003623845092061
522	0.0362236597884887	0.0003631845526844
523	0.0104036612451538	0.0003638973555045
524	-0.0298918877566021	0.0003645842050697
525	-0.0546212373813943	0.0003652964556553
526	-0.0046802438475371	0.0003661650552172
527	-0.0560767039780233	0.0003668360259206
528	-0.0550031748112868	0.0003676102364665
529	-0.0523361309143584	0.0003683911278986
530	0.0017451627153086	0.0003692766116508
531	-0.0627102862996974	0.0003699313689268
532	0.0558933463116590	0.0003709476245757
533	0.0799172617038246	0.0003717881511939
534	-0.0472333343230312	0.0003723420334002
535	0.1017240348075422	0.0003734194992086
536	0.0017355311893923	0.0003740293652223
537	-0.0241032559256274	0.0003747762243235
538	0.0217495770179365	0.0003756764273341
539	-0.0315362284115479	0.0003763846079276
540	-0.0466386419489139	0.0003771783554256
541	-0.0239508139095226	0.0003780440036494
542	-0.0144704116040606	0.0003788766716619
543	-0.0449792741899012	0.0003796482796411
544	0.0405796667913754	0.0003806322892595
545	0.0680668258042108	0.0003815158852153
546	-0.0062842181235382	0.0003822169229341
547	-0.0051653173762684	0.0003830625328519
548	0.0128733996704449	0.0003839446295873
549	-0.0505104934287615	0.0003846838888591
550	-0.0181764862467515	0.0003856003931180
551	0.0080485578262707	0.0003865097143332
552	-0.0666221116183484	0.0003872307676716
553	0.0155330077566202	0.0003882497377559
554	0.0111378821604365	0.0003891019907202
555	-0.0334434043165316	0.0003898901160567
556	-0.0152627509648912	0.0003908030391339
557	-0.0232435008108638	0.0003916660775259
558	-0.0257516199967607	0.0003925395495113
559	0.0095767976808593	0.0003934972367117
560	-0.0220104931090188	0.0003943300255339
561	-0.0082050142410334	0.0003952506946829
562	0.0051015320245656	0.0003961772752555
563	0.0481234000012753	0.0003971558547060
564	-0.0018049687814695	0.0003979631116775
565	-0.0297828938417827	0.0003988227509422
566	-0.0294025337608376	0.0003997379939570
567	0.0445646510288191	0.0004007931657466
568	0.0651055750800717	0.0004017565319582
569	-0.0183225333766787	0.0004025311060112
570	-0.0211274692930274	0.0004034633296254
571	0.0209600819709384	0.0004044846381943
572	-0.0269243395306112	0.0004053405408004
573	0.0098950064683646	0.0004063466507953
574	-0.1270058470847130	0.0004070444539988
575	-0.1100001758405785	0.0004080261061628
576	-0.0400130189491556	0.0004091231935347
577	0.1261914071655440	0.0004103956684491
578	0.0711630517681374	0.0004112683639415
579	-0.0169206070449010	0.0004120748027241
580	-0.0057090072042686	0.0004130736685279
581	0.0797435167369228	0.0004142160242135
582	0.0024090673968505	0.0004150570810873
583	0.0227088379773927	0.0004160893596738
584	0.0199361932863330	0.0004170782518417
585	0.0530726015793358	0.0004181513581631
586	-0.0225241423624675	0.0004190199485744
587	0.0849752069690732	0.0004202306147744
588	-0.0503570449531482	0.0004209842004917
589	0.0198296998984236	0.0004221452007044
590	-0.0340579322861037	0.0004230651370641
591	-0.0285992223896699	0.0004241040571092
592	0.0236320400503048	0.0004252436502161
593	-0.0065045233635118	0.0004262356237753
594	-0.0465634855787570	0.0004272050774920
595	0.0128494998555783	0.0004283700710482
596	0.0656727649861862	0.0004295293874875
597	0.1402304095948288	0.0004307453106466
598	-0.0318982571391429	0.0004314895275796
599	0.0225842873020860	0.0004326661294487
600	-0.0295317241243716	0.0004336470750304
601	0.0148017002678567	0.0004348197903806
602	0.0172619382694633	0.0004359130339145
603	-0.0573831433314846	0.0004368705259209
604	0.0165971900008615	0.0004381111099357
605	-0.0313181138161312	0.0004391358986001
606	-0.0677092473262450	0.0004401774069784
607	-0.0069041631444368	0.0004414080884101
608	-0.0083111414814884	0.0004425302456144
609	0.0657087480980604	0.0004438024270376
610	-0.0208677029064672	0.0004447698396352
611	0.0320377129749669	0.0004460125681944
612	-0.0114325422641485	0.0004470748715034
613	0.0222320165308600	0.0004482939391841
614	0.0254920029767462	0.0004494604546781
615	0.0789943722652943	0.0004507171464554
616	0.0181412169221438	0.0004517746268568
617	-0.0856061348361348	0.0004527653295688
618	-0.0079258295405687	0.0004540976033358
619	-0.0286059379808531	0.0004552611496525
620	0.0869113278742813	0.0004566704732627
621	-0.0601138200538545	0.0004576017470506
622	-0.1053307210297326	0.0004587168036747
623	-0.0230755435721293	0.0004600779677383
624	0.0228581403207249	0.0004613814435147
625	0.0592493430927100	0.0004626848825959
626	0.0915788847065829	0.0004639768188062
627	0.0201157863355920	0.0004650890996965
628	0.0084348754109403	0.0004663084431731
629	0.0947507746562292	0.0004677227303041
630	0.1243409606353748	0.0004690408442526
631	-0.0559874176787908	0.0004699649949415
632	-0.0520496382216197	0.0004712468268128
633	-0.0806365513850526	0.0004724689495831
634	-0.0075343925112753	0.0004738911140608
635	-0.0081094383329691	0.0004751830051073
636	-0.1273142806372849	0.0004762733409008
637	0.0320357056020333	0.0004778890046250
638	0.0053532544007090	0.0004791591279426
639	0.0372408640149373	0.0004805321352311
640	0.0610052898935011	0.0004819089329580
641	-0.0275511708283404	0.0004831022845317
642	0.0603768022380267	0.0004846130198793
643	-0.0190328768408838	0.0004858057373917
644	-0.0103412510636908	0.0004871870038571
645	0.0793084163037473	0.0004887291907418
646	-0.0652690125717735	0.0004898381159886
647	0.0290645299595968	0.0004914017586084
648	0.0339726709903240	0.0004927998329112
649	-0.0831688804057304	0.0004939863802300
650	0.0406745738980694	0.0004956313965474
651	0.0572741671626011	0.0004970703389131
652	-0.0925579746800454	0.0004982132695537
653	-0.0076009863739859	0.0004998032762915
654	0.0415241356919494	0.0005013401229582
655	-0.0667088966724416	0.0005025876377923
656	0.0437357499446245	0.0005042490309724
657	0.0530044781891645	0.0005057239027717
658	-0.0960319631199908	0.0005069178374934
659	0.0990016565096753	0.0005087632863029
660	0.0504571225111117	0.0005101646512387
661	-0.0062943238747147	0.0005115595439366
662	0.0292920220757511	0.0005131368910007
663	0.0363512016801691	0.0005146546521122
664	-0.1067890596132359	0.0005159155892381
665	-0.0012080145481635	0.0005176494200940
666	-0.0315376861214404	0.0005191330803101
667	-0.0798492051691109	0.0005205910434641
668	0.1025299027498178	0.0005225021321991
669	-0.0275755155143010	0.0005238341764919
670	-0.0670325172315911	0.0005253316177349
671	0.0129012138964715	0.0005270693471264
672	0.0193634284407852	0.0005287000194236
673	0.0291838821661501	0.0005303298722949
674	0.0533663151459021	0.0005319993573383
675	0.0258032760569988	0.0005335822790801
676	0.0432544695079757	0.0005352601991885
677	-0.0584374698996491	0.0005367362896094
678	-0.0630604784675839	0.0005383791868943
679	0.0260650957637994	0.0005402092307315
680	0.0167714225583453	0.0005418911136894
681	-0.0756672823183243	0.0005434029725060
682	0.0459758661565080	0.0005453503431250
683	0.0607128796226541	0.0005470955076282
684	-0.0346114347932128	0.0005486514295684
685	-0.0133438467436324	0.0005504329030105
686	-0.0611139905531567	0.0005520946149228
687	-0.0216173975343690	0.0005539245753295
688	0.0298940406929861	0.0005558001214799
689	-0.0253443423781086	0.0005574777903468
690	-0.0374033104413920	0.0005592369240594
691	0.1199030863696997	0.0005613458096494
692	-0.0106299322337991	0.0005629015605249
693	-0.0057221753524040	0.0005647281867679
694	-0.0470614790045563	0.0005664877301106
695	-0.0908325498896999	0.0005682504143972
696	0.0364564583342813	0.0005703388883026
697	-0.0223575237076875	0.0005721019095927
698	0.0361126005155190	0.0005741111529102
699	0.1020801101549842	0.0005761557102870
700	-0.0460193113259636	0.0005777880412061
701	-0.0115582903892480	0.0005797879978348
702	0.0636398293877082	0.0005818520914453
703	0.0095999968369945	0.0005837043699454
704	-0.0414646263290598	0.0005855768150898
705	0.0429636845382322	0.0005877045678023
706	0.0265491354504458	0.0005896549202988
707	-0.0693182459057836	0.0005914746459981
708	0.1286432353861904	0.0005938585527671
709	-0.0914958044163524	0.0005954646984700
710	0.0372019562398088	0.0005977443949926
711	-0.0421368401046345	0.0005996657779596
712	-0.0609390301033073	0.0006017186453179
713	-0.1043834027268873	0.0006037113835747
714	0.0160394563468467	0.0006060469951149
715	0.0440890653791127	0.0006082217604988
716	0.0209563692835852	0.0006103166563944
717	-0.1234657992454452	0.0006121997896060
718	0.0163179977838958	0.0006146363047122
719	-0.0055341061449455	0.0006167464118211
720	-0.0225053453115033	0.0006189043240212
721	-0.0471148102877230	0.0006210530908534
722	-0.0424552664282513	0.0006233089309382
723	0.0220768354022740	0.0006256666295460
724	0.0097474417134190	0.0006278999143701
725	0.1377570190297768	0.0006304216419777
726	-0.0488373621502638	0.0006323324587837
727	-0.0910047689243483	0.0006345588952119
728	-0.0079379149184657	0.0006370464816739
729	-0.1267495318792795	0.0006391694645151
730	-0.0052656085071666	0.0006417639502591
731	0.0014515515667609	0.0006441588681399
732	-0.0900168896429248	0.0006464109073272
733	0.0462738648824351	0.0006490825112052
734	0.1018218199308261	0.0006516163509173
735	0.0269424465936066	0.0006539243484001
736	-0.0013882304639190	0.0006563333776125
737	0.0156622843326983	0.0006588726903708
738	-0.0620473243021214	0.0006612154633944
739	0.0063629922185213	0.0006638784848532
740	0.0467636159627632	0.0006664793780185
741	0.0700924125741253	0.0006690914414046
742	0.0442965409071101	0.0006716343772475
743	0.0382214271849984	0.0006742318150687
744	0.0992833612474169	0.0006769746432529
745	0.0489591081691482	0.0006795274942086
746	-0.0491158281909269	0.0006819850133439
747	0.0032265446020801	0.0006847583968804
748	-0.0641423486550527	0.0006873476693646
749	0.0268883280415255	0.0006902455910163
750	-0.0531239984796239	0.0006928376939623
751	0.1058042036895620	0.0006959232181819
752	0.1275426876453025	0.0006987476042039
753	-0.0255383655126826	0.0007012668121543
754	-0.0457426876224539	0.0007040783933394
755	-0.0770812375039739	0.0007068784370470
756	-0.0021205052170920	0.0007098698226519
757	0.0944377109886981	0.0007129635519832
758	0.0153888928099517	0.0007157487821214
759	-0.0056201831992521	0.0007186818350571
760	0.0278498349237010	0.0007217595632800
761	-0.0022492790491308	0.0007247268796017
762	0.0013889692379167	0.0007277570332208
763	-0.0065797059364502	0.0007308062535699
764	0.0976629792734765	0.0007340818048147
765	-0.0246537761764236	0.0007369735834782
766	0.1535465436782608	0.0007404308054479
767	0.1000409728702019	0.0007434893757872
768	0.0146004617842991	0.0007465018637384
769	-0.0286499494034019	0.0007496406233430
770	-0.0886155421781121	0.0007527741654866
771	-0.0453640215407411	0.0007561273848074
772	0.0183154946792115	0.0007595567246783
773	0.0273854705594991	0.0007629198134835
774	-0.0343070826743220	0.0007661931291434
775	0.0745164425033437	0.0007697911782463
776	-0.0230396957898567	0.0007730340826301
777	0.0132558255170572	0.0007765505183451
778	0.0215212415922774	0.0007800528023375
779	0.1114779586978730	0.0007837348035102
780	-0.0983367283588141	0.0007868768231616
781	-0.0143422826793179	0.0007906269542617
782	-0.0199826060432388	0.0007942271665294
783	-0.0317797540689286	0.0007978466368050
784	-0.0431251530370786	0.0008015118658491
785	-0.1002132053135492	0.0008050972847226
786	-0.0863755850829962	0.0008088562114225
787	0.0341182360779904	0.0008128867794972
788	-0.0204825289357252	0.0008165601912994
789	-0.0379651734760438	0.0008203466680112
790	-0.0881777167303410	0.0008241186660455
791	-0.0160824900759029	0.0008282036821047
792	0.0812296236120709	0.0008323348265207
793	-0.1571547273707853	0.0008359009045980
794	0.1358212630044545	0.0008404899640879
795	-0.0827056108188391	0.0008441260626922
796	-0.0305238224329866	0.0008483953181700
797	0.0322580676889745	0.0008526474653502
798	-0.0130252666168788	0.0008567612983810
799	-0.0752323984903849	0.0008608573538041
800	0.0061959158070022	0.0008652843677824
801	-0.0748663229652713	0.0008694692844564
802	-0.0657097998176698	0.0008738648805241
803	-0.0575841414043239	0.0008783243426628
804	-0.0684608990133227	0.0008827662383557
805	0.0340947202890107	0.0008874285654007
806	0.0666289791733555	0.0008920556160476
807	0.1592160530354652	0.0008968262362991
808	-0.0088680355367854	0.0009011654483021
809	0.0169749267035066	0.0009058501413518
810	-0.0546895136523277	0.0009104100519198
811	-0.0444090804633406	0.0009152141993212
812	0.1020069523944648	0.0009202969410955
813	-0.0392658676330586	0.0009249212808675
814	-0.0735637916927567	0.0009297937045134
815	0.0914435518143973	0.0009350698652349
816	-0.0368625910942077	0.0009398711393611
817	0.1000269893809057	0.0009452105492846
818	0.0300410960520662	0.0009502543286656
819	-0.0298122532506415	0.0009553555410279
820	0.0754584887433187	0.0009608193267733
821	-0.0222285482747591	0.0009659814769846
822	-0.0723467483225361	0.0009712777715985
823	-0.0237873662607887	0.0009768893769040
824	0.0583160008333959	0.0009825873489174
825	-0.0055601929053058	0.0009879882316236
826	0.0739137309587095	0.0009937884558003
827	-0.0465744003451064	0.0009992872863195
828	-0.0073408407631172	0.0010051357588102
829	0.0675003264880336	0.0010111166610587
830	-0.1238575841144261	0.0010166855157149
831	0.1118842992162671	0.0010230927963363
832	-0.0687738287681380	0.0010288232955737
833	-0.0753627442959717	0.0010349132805233
834	0.0587969826832585	0.0010413567920244
835	0.1253575524673056	0.0010477329352005
836	-0.0805651358837546	0.0010537693547936
837	0.1120962799064673	0.0010605591786566
838	-0.2220187577196369	0.0010664103379192
839	0.0096163694787384	0.0010734596769051
840	0.1104581348675013	0.0010802793986000
841	-0.0046090290517555	0.0010868065080261
842	-0.0506092123449487	0.0010935152288775
843	0.1591648810795747	0.0011008192215402
844	-0.0320475281961047	0.0011074696421091
845	-0.0410667601788215	0.0011145395109588
846	0.1067270291959070	0.0011220023220968
847	0.0092182400556471	0.0011291366608467
848	0.0276139540493251	0.0011365545900000
849	-0.0546084274050041	0.0011439081773494
850	0.0174303670486081	0.0011515703562070
851	-0.0449710319794722	0.0011591407698032
852	0.0504835756756474	0.0011670543348429
853	-0.0210641525809498	0.0011748044390867
854	-0.0647029413936218	0.0011826815888579
855	0.0003651725407427	0.0011910281471452
856	-0.1358594139981829	0.0011990178201235
857	-0.1237876278897007	0.0012072757345654
858	0.1879136390984172	0.0012162841160595
859	0.0488161455337189	0.0012245448761539
860	-0.1124314773145335	0.0012330282181714
861	0.0044418986472497	0.0012420519903889
862	-0.0320461099804120	0.0012508285610082
863	-0.0997017627836198	0.0012597777883173
864	-0.2396604581945054	0.0012686960363979
865	-0.1699036882615045	0.0012782311791530
866	0.0406553066689132	0.0012880998825360
867	-0.0110489620166186	0.0012976989244335
868	-0.0328166723806435	0.0013073049878347
869	0.1107892288510695	0.0013175638589192
870	-0.0269661163902369	0.0013273836895584
871	0.0780853336530330	0.0013377720604175
872	-0.0193987048952166	0.0013479884264297
873	-0.0306573867597129	0.0013584521631625
874	0.0470542156679800	0.0013692502754185
875	-0.1747762142437654	0.0013797547808727
876	-0.0260778781502902	0.0013910755122914
877	0.0246123349520678	0.0014023818011311
878	0.1806905418208288	0.0014140375043182
879	0.1265784466898592	0.0014255449089303
880	-0.0315590602364578	0.0014370279281511
881	-0.1015215450903632	0.0014487969500278
882	0.0303619463241274	0.0014612547924205
883	-0.0939237215259571	0.0014733644522568
884	0.1641410748614373	0.0014864062441902
885	0.2900903355538575	0.0014995169928904
886	0.0636984037294654	0.0015121544596811
887	0.0198713328142117	0.0015252412462232
888	0.1689069490008057	0.0015389821061836
889	0.0422037542173856	0.0015523160143495
890	-0.0409162645064578	0.0015660290897772
891	-0.0280839452428739	0.0015802502346132
892	-0.0068072870797914	0.0015947140705624
893	0.1621860921236694	0.0016098584282882
894	0.0123707436265764	0.0016245645935322
895	0.0189890997980772	0.0016399061393589
896	0.0166933296853423	0.0016557098742485
897	0.0660889009863097	0.0016717804928977
898	-0.0908486174430925	0.0016877570672572
899	-0.0840907890754315	0.0017043166834373
900	0.1480479543623802	0.0017216785121920
901	0.0004410126353006	0.0017386493144977
902	0.0232671226622851	0.0017562957123132
903	-0.0066146327770233	0.0017741884931687
904	0.1319676152368300	0.0017927309369931
905	-0.1590889093714345	0.0018108968816612
906	0.0624324749388576	0.0018304033852495
907	-0.0537221174760806	0.0018495757691886
908	0.0570843061086106	0.0018698417272590
909	-0.0039813636261355	0.0018901150294390
910	-0.0668063532653997	0.0019107093882785
911	0.0670212888514796	0.0019322072472062
912	-0.0171178471528967	0.0019539943997686
913	0.0101003415205621	0.0019762395622820
914	0.1036952134908427	0.0019992549115674
915	-0.0414167035335401	0.0020222920226636
916	-0.1448996655110749	0.0020458713831837
917	0.0915970193052021	0.0020705934615672
918	-0.1633687870848244	0.0020950535556264
919	0.1171884478910761	0.0021209678145844
920	-0.0397484602436331	0.0021469282080400
921	0.1060275208565173	0.0021739396572498
922	0.0320116268133040	0.0022015106360342
923	-0.0389817068654563	0.0022296239991796
924	-0.0637654687030890	0.0022583244039224
925	0.0738875793835603	0.0022884271166009
926	-0.0338660010828424	0.0023185874466150
927	-0.1319216733531867	0.0023499142276660
928	-0.1577317622862679	0.0023818683650494
929	-0.0040747430320305	0.0024153170620686
930	0.2444574936756974	0.0024494906143869
931	-0.2110308201010379	0.0024837705481302
932	-0.0697780306711362	0.0025199325333702
933	-0.1162894026946853	0.0025569709219158
934	0.0096868733917921	0.0025950195234674
935	-0.0814082499448608	0.0026337664733766
936	0.0833489392781636	0.0026747680560000
937	-0.1031906605245236	0.0027159841107302
938	0.0251491174272519	0.0027595151581270
939	-0.0810824005096123	0.0028038078866197
940	-0.0992573887361405	0.0028499810261334
941	0.0833242571249932	0.0028977819087021
942	-0.2566662382005663	0.0029462328086944
943	-0.1217233696623106	0.0029976192860031
944	0.1908275471284016	0.0030507348404898
945	0.1452605051015813	0.0031047010184463
946	-0.0084478682885429	0.0031608658491962
947	-0.1388486255908907	0.0032190501327789
948	-0.1831824863089113	0.0032796747722130
949	-0.0651677860094992	0.0033430955886874
950	-0.0312169762375006	0.0034084560875520
951	-0.0162552573613318	0.0034767504986789
952	0.1946315530235366	0.0035479009917500
953	0.2262078240215242	0.0036212748446247
954	0.1114622998779739	0.0036977883774669
955	-0.4419095844970235	0.0037763971000889
956	0.2613797410047372	0.0038611773872397
957	-0.0419264823548165	0.0039483694181763
958	-0.2146100964377455	0.0040393597422585
959	0.0346746127013188	0.0041357296952957
960	-0.0463544799962479	0.0042365392624400
961	-0.0193103185692434	0.0043422498045391
962	0.2746722604202388	0.0044534283683989
963	0.1831261820425317	0.0045696217269014
964	-0.0179218185210145	0.0046932795531852
965	-0.0047213689724417	0.0048238661297110
966	-0.0795141541306177	0.0049614348097993
967	0.1717085951298696	0.0051057399256860
968	0.0837606744006264	0.0052611191680000
969	0.0503906102948176	0.0054231058032549
970	-0.2279345744258588	0.0055984889176178
971	0.1141104178780214	0.0057863669336884
972	0.1854071573621204	0.0059831231555102
973	-0.4316246734383655	0.0061967745946337
974	-0.0091803553467024	0.0064277271453728
975	0.1446306648061809	0.0066736046312448
976	0.1100156071572052	0.0069418158633334
977	0.2348305888856632	0.0072306552514783
978	0.1441531388588558	0.0075411855732893
979	-0.1246415211401455	0.0078829389580771
980	-0.0689502987164849	0.0082580085464000
981	-0.3508787679760736	0.0086675270758117
982	-0.2974090203838891	0.0091210335417284
983	-0.2000542608751811	0.0096277089295502
984	0.2286116526043603	0.0101907411520000
985	0.2956981290375081	0.0108224919608889
986	0.3529200836263842	0.0115424682011428
987	0.0644950393083227	0.0123488638932071
988	-0.1342451079035878	0.0132915703475556
989	-0.1728660891942060	0.0143763922068099
990	-0.2438694088100702	0.0156427453568000
991	-0.3782362664006937	0.0171638114962963
992	-0.0093927479257814	0.0190390985040000
993	0.1821272190505681	0.0213318544078367
994	0.3031906028276423	0.0242232178755556
995	0.2481142773582254	0.0278904030592000
996	-0.1997595403150613	0.0326670020160000
997	0.1116415790153380	0.0386937551786667
998	-0.0608243612184128	0.0434330512320000
999	-0.0089840401893680	0.0000000000000000
