                   Energy                      Mag                                                   F  N clusters    N vorts        nvx        nvy        nvz  N strings  Max s str            <l string>                Correl
   -9249.5309208813796431     2807.4718837167310994    -1812.3299214117171232        0.0000000000000000          0         11          8          6          6          0          0        0.0000000000000000 42647.9445005212037358 41128.1961907240474829 42926.9854266176698729 43527.3157277353457175 42385.2918714735133108 42937.5114942450600211 44495.0011865495907841 42656.6782838267681655 44766.5930078839155613 43983.0456708171404898 43697.4503323056342197 43150.2227898416967946 43105.3041355352470418 43851.1364637925289571 42936.7212901200837223 41833.0111439917091047
   -9317.5638970595846331     3013.4360310729775847    -1491.6870062364869227        0.0000000000000000          0          7          4          4          6          0          0        0.0000000000000000 46071.2219072493899148 46396.5763676157002919 45453.0997559801617172 46181.1811704045103397 42961.3647854073642520 43618.4712311175098876 44274.9570918594836257 44682.1646632986012264 46012.6017679134092759 45878.1890738028159831 45286.6122938965418143 44920.5976452733157203 45092.8479682503457298 44060.5814616681454936 44379.3331892828573473 45028.1230581350391731
   -9292.2623315982400527     2984.7863638769858881    -1512.0552967094902215        0.0000000000000000          0         15         10          9          9          0          0        0.0000000000000000 45063.5618393280601595 45979.5567025559939793 43343.6456827273141243 43475.7359070008242270 44018.0342476459991303 44235.7046896179817850 45894.2095518052010448 44845.3831432343067718 44550.4042309426222346 43550.3909441947762389 44558.7947722649041680 42460.4722189066742430 44617.3150914765137713 44481.3588471601324272 43482.2128921760086087 45325.2505337228067219
   -9199.7274665871937032     3140.5665515349605812    -1171.9330015160064704        0.0000000000000000          0         23         16         16         14          0          0        0.0000000000000000 42420.0926879616454244 44036.9544545880562509 42641.2564748475924716 42735.1332701210703817 41554.7585705043602502 44435.8672174169041682 43709.1445310569542926 41920.1500539425469469 42165.8910678642205312 43481.5571419935513404 44286.8533233634880162 42968.2855868283731979 42543.8822656124684727 43666.8397819488454843 43163.2032534435275011 42457.6602613111244864
   -9159.4789648712612689     3273.8555453839380789     -683.3751051681532545        0.0000000000000000          0         13         12         10          4          0          0        0.0000000000000000 43569.9047238866914995 44609.5934936391640804 43989.9800681039560004 42809.4579632790337200 43642.8309711661204346 43500.7735369826186798 43949.8267367637818097 43744.0927363929804415 42418.4204199134110240 42657.6775518521317281 43443.1422475036815740 42244.8733319435486919 44687.8383018250606256 43868.2310746598013793 45000.9827842706363299 43740.5215294234876637
   -9311.2925407667862601     3235.2193309760323245    -1024.0930557022247740        0.0000000000000000          0         12          4         10         10          0          0        0.0000000000000000 43682.0285969754404505 45270.3381334781224723 44432.3390404472156661 43664.6812478533829562 45185.1025780095005757 45005.7516745697066654 44170.9628456214268226 44565.6538009155992768 45192.9035840951619321 44302.8262272824213142 43018.6187762043773546 44263.2712371979432646 43616.0484205617685802 41951.1868279269183404 43353.2327147277537733 44085.5068240732725826
   -9309.4732285258614866     3133.7819773264227479    -1199.4536909112309786        0.0000000000000000          0         18         13          9         11          0          0        0.0000000000000000 45576.3466405192302773 45309.9106019529135665 47229.4478296182933263 44521.9838098112813896 44268.0257696319458773 45707.5211058659333503 43524.1081634636939270 43651.2076050684190704 45248.7439876502467087 43360.4428815090504941 45741.1504574352147756 44549.3458998352507479 44110.7384581245714799 42299.9933154479003861 45157.7240713393111946 44036.6378360468370374
   -9379.2390888660556811     2834.8107394028788804    -1768.2032699966223390        0.0000000000000000          0         12         12         10          2          0          0        0.0000000000000000 48652.4449242347400286 46559.8184519032947719 44594.4898477254464524 44041.2225409785896773 45925.6295026546140434 42638.5000864738394739 41819.1861509221707820 42185.7465823460152023 46237.1449885249749059 45935.2333581602433696 45688.2580015824350994 47342.6276517578153289 46153.3007042042881949 45795.9273001825131360 45049.8844354742759606 48300.1635793155728607
   -9241.7171743933195103     3112.8089248654241601    -1195.1768436393349475        0.0000000000000000          0         19         10         12         16          0          0        0.0000000000000000 47016.0774545508393203 45606.1706759629378212 44500.6946384078109986 45912.1604802850779379 45136.7286357510311063 43987.4533320732443826 44367.7909155493252911 44984.2230155811703298 44123.4212874958757311 42341.7855702437009313 46108.1868720744096208 46771.5418734387058066 45560.3550438092643162 45119.5648094886928448 45207.4694840959418798 45732.1511554635508219
   -9135.8461127077680430     2976.5398736497922982    -1481.4942979268516865        0.0000000000000000          0         27         16         20         16          0          0        0.0000000000000000 45381.2938600363631849 45192.0668807803958771 45544.2988334560723160 44433.0817617374414112 45274.2721209999581333 43147.3349385304900352 43189.8302766536216950 42269.5950887718645390 44507.7371395602531265 44841.6290637639613124 44238.1898859698267188 46317.9648272226404515 43497.6953249001235235 44510.3160361525879125 40768.6463337960594799 44359.9082485907492810
   -9304.9649657198770001     3167.8970628614952147    -1201.1469279064706370        0.0000000000000000          0          6          0          6          6          0          0        0.0000000000000000 47541.4444554163928842 45550.7590066159100388 46498.6995390040610800 44390.0897702352958731 45466.1320438577604364 45320.9139434470853303 44583.4457849041573354 45302.9174248621857259 47383.7870636803490925 45953.9748149413862848 46693.9938856794178719 45888.4693034534793696 45747.2176925735548139 46360.5055924452972249 46069.2838483119703596 46897.6116183059566538
   -9153.4929689456184860     3096.9730180959645622    -1226.5130718776119920        0.0000000000000000          0         21         20         12         10          0          0        0.0000000000000000 41488.6737955946664442 42276.8523398960387567 42903.5531181810292765 42588.8239215664871153 40003.7959248662809841 43121.5034970156120835 41904.6862921530773747 42451.8722148779925192 42665.8614772259606980 41966.2743265383542166 42746.0940123166947160 42779.1238795816825586 42307.7880334573565051 42436.8444183160972898 43229.0445011725823861 42988.5638640351535287
   -9243.8445767274934042     2998.4929549464932279    -1451.0409719615340691        0.0000000000000000          0         10          4          7          8          0          0        0.0000000000000000 46158.8239043043140555 44476.1777813006629003 45256.6228168271991308 44501.2435258529440034 44576.5107488887151703 45096.9602124231023481 43912.7573197498495574 45508.1357215593889123 43440.2230693281235290 45109.4215096633342910 44246.2121382680998067 44205.0986898676128476 44550.3896634910270222 44806.6568648772808956 46292.3217157146063983 43253.1303462035648408
   -9353.7796716731954803     2832.2616587468064608    -1862.3687711243887861        0.0000000000000000          0          6          4          2          5          0          0        0.0000000000000000 45047.7447149075887864 45132.4301452756408253 45098.3672880912199616 43556.5756602003239095 44213.2447260300104972 45170.2742692217725562 45611.3848151464917464 44254.7592247261563898 44856.0213606121542398 44849.7958020507940091 44052.7483002965891501 45128.8853508501633769 45625.7092532795213629 45739.5289744489709847 44492.9302843425539322 45262.6681120069333701
   -9357.8096035126909555     2815.3962841302090965    -1808.1166679156406190        0.0000000000000000          0          8          6          8          2          0          0        0.0000000000000000 46049.1660337212888408 46155.4858681432087906 42629.8588066861921106 43087.3643517709497246 43107.6432177471942850 42655.7050860215822468 43189.8148357324098470 43772.0927809735003393 44157.8164880252879811 47335.0324269682314480 43123.4635235744717647 42783.2517518454260426 44320.2152447773551103 44231.8158923891678569 44411.2059753358335001 45448.0983856145103346
   -9297.8740874462091597     2957.3054241711906798    -1585.4588445474475975        0.0000000000000000          0         11          5         10          6          0          0        0.0000000000000000 45628.1989734642556868 45987.9271428418287542 45017.4126914970547659 46193.9291908247250831 45447.6045763657893986 42670.5443183635870810 43692.7991541877709096 43822.6122851156251272 45243.2752396525902441 44091.0094403625698760 45005.0418890535802348 43941.1517291353302426 44631.8641848227998707 44642.2251278952171560 45343.7474607769836439 44677.9670899409320555
   -9411.7227821875621885     2758.6563773247503377    -1955.0522942077998323        0.0000000000000000          0         19          8         13         12          0          0        0.0000000000000000 44478.7818413108761888 43740.0808477190585108 44920.2688638198742410 42237.2536052766372450 43691.9976013430932653 42838.3240645983532886 44399.2387901736146887 44642.9073880313808331 44498.4650280755886342 44662.5876904251272208 44294.0931161820553825 43226.0717427496856544 43150.7428672210444347 44713.7679066485725343 46507.3483043153173639 45859.2389295973189292
   -9456.3536249974749808     2807.8585470144553256    -1927.1470603840177773        0.0000000000000000          0          8          6          5          4          0          0        0.0000000000000000 45530.9954051153108594 45803.6998303708096500 45421.4995495734474389 45591.9817465865708073 46122.5298420768522192 43793.8084258454691735 44977.2662725826521637 44349.3129014013393316 44330.7148474044588511 44262.4600527720322134 44504.6825851426037843 45022.2163000887521775 46431.5360068554655300 46662.6487888048141031 46627.3090404618124012 45160.1820037955767475
   -9228.3748345142994367     3118.3895996752867177    -1249.8821573706479739        0.0000000000000000          0         21         18         17          6          0          0        0.0000000000000000 45635.5717474645352922 44773.7915338136226637 45027.9859823142905952 44689.4332037538042641 43558.6738380889728433 44818.4764960983884521 45524.4268653025283129 44897.9693292306328658 43911.1496541818924015 45755.1066443751478801 43247.1040433387024677 44039.0406730997201521 46070.9998007894537295 45014.8373510692326818 44970.4362702507060021 44986.3891022863608669
   -9262.4507639407202078     2538.9646415057732156    -2158.8961387465983535        0.0000000000000000          0         21         12         16         14          0          0        0.0000000000000000 42281.0802577103168005 43243.0540073951997329 43253.7779742622078629 43070.7101436140510486 43496.3914244501720532 42269.4356672157082357 42423.7479001422179863 40918.6919838476678706 40591.4061490281310398 42453.7329070063933614 42853.8354298388876487 42700.5888669257838046 41503.6163580522916163 42002.2871291886112886 43643.7837557601887966 43578.4862282031535869
   -9252.7633272962157207     2366.9692345279604524    -2365.4395559780027725        0.0000000000000000          0          9          6          5          5          0          0        0.0000000000000000 45518.7739881976667675 43828.7417623440633179 43419.3688887955504470 45079.0918364674289478 43641.5405115057219518 43029.7116426682769088 43285.6945893835945753 43736.7598074435081799 45343.9971126301825279 46104.5287844628765015 44858.3513098081166390 44094.9001580712356372 45031.8789188998125610 45469.1856525263865478 45271.7898587795425556 45074.3410141790809575
   -9189.9455250991650246     2577.8690574307393035    -2097.4369775755139926        0.0000000000000000          0          6          4          4          4          0          0        0.0000000000000000 43072.0647928068356123 41383.2733882134780288 40250.9552748406349565 43233.4711006718425779 44630.8771056771802250 44465.1711720386083471 44466.0521503845884581 44307.2972144225641387 44191.5598572033486562 41946.3098700748960255 43083.2993411905190442 43683.3975727375509450 43180.4520381434995215 42764.7933873275760561 41973.6548166956927162 42883.8418987323675537
   -9308.5350724866748351     2070.9403319655439191    -2615.9377195208599005        0.0000000000000000          0          4          4          2          2          0          0        0.0000000000000000 46651.8369299814876285 46144.4180391132540535 44669.4205660951120080 47525.0672433616709895 44808.8401252523399307 46943.6151757752813864 42597.5537755029799882 44042.0407781408866867 45062.2062476126011461 43053.7316548427843372 44984.0650467894374742 45231.3350867090775864 42506.8792045454174513 46085.2208824014451238 44490.4267520223438623 45843.0331399687202065
   -9222.3221474362544541     2564.8233545602633967    -2132.0253356621069543        0.0000000000000000          0         11         10          4          8          0          0        0.0000000000000000 41270.7696292614418780 41478.6855557525705080 40609.4414866428123787 41165.4186949650757015 42583.6024704966112040 42266.0007933235756354 41778.6123049546295078 42403.0438737083750311 42902.8267074870382203 42307.2432063173255301 42719.8851183953520376 43289.5208861865321524 42528.9739975010379567 42538.2658020722155925 43915.3317735374148469 43663.5032718692164053
   -9244.0717642600411637     2256.0783751850449335    -2465.3659615081455740        0.0000000000000000          0         16          8         11         12          0          0        0.0000000000000000 43938.5350997262576129 44836.7296813056091196 45155.6306921573850559 43971.7622116874044877 43389.4053575780853862 41659.8409371923917206 42537.6217508294939762 43798.0690800642987597 41599.7228717808393412 43556.8543889427892282 43450.0687218927050708 40570.8557495132990880 41512.2514216866111383 42525.9743202221507090 41657.6373781488728127 44758.8751271497167181
   -9146.4461627647633577     2143.6088916977214467    -2537.0514074881821216        0.0000000000000000          0         27         22         18         13          0          0        0.0000000000000000 43846.3909607962777955 43392.6666926150064683 43800.0224064413559972 44113.4362578191794455 43200.4471547034336254 43460.2447669265966397 41857.8208488521195250 41830.9686504161581979 43734.7003219427133445 43767.5275350257434184 43784.6016323912845110 43173.3510177640564507 43677.8876148158378783 43221.9538204745549592 43749.8017988636274822 44844.1794557292305399
   -9299.8235249710905919     1862.5582293103900611    -2766.5622767082049904        0.0000000000000000          0         10         10          6          4          0          0        0.0000000000000000 42650.9690376353901229 42726.2727916863223072 42391.3903480774242780 41945.1429539273012779 43509.6864025372269680 43723.2415567403513705 42414.2019913573749363 42920.2889790665722103 42982.9917462025186978 42788.6884703365794849 43435.0272067071637139 44339.0332658516126685 43859.8898563482871396 42104.9083175467094406 42076.6731348002358573 43556.9532849895986146
   -9176.6428054110729136     2058.7008853358456690    -2577.5138696363173949        0.0000000000000000          0         24         17         12         18          0          0        0.0000000000000000 43364.8384954407447367 41755.8018893002299592 44654.9453437635820592 42704.2155473032325972 43198.7089871775169740 42958.1370190138404723 43190.2317080404391163 43906.3915255003885250 44263.4752837080814061 42514.8859397162450477 42650.4625168982165633 42457.0550631681253435 40534.1397385462696548 43244.0128043111835723 42363.8739011423022021 42843.9030196916428395
   -9385.6744117646721861     2718.1665754921691587    -2020.7894485418030399        0.0000000000000000          0          8          2          8          5          0          0        0.0000000000000000 48160.9031804305413971 47312.3506164756690850 47634.0585605501910322 45337.5752068298024824 46851.3694963800517144 45871.3339867683607736 44259.8849721938167932 43131.4378059339796891 45201.3837353673297912 43801.7511262936313869 44900.0055215942775249 46157.4922026928688865 46235.6295269442780409 47254.3732991017241147 48322.0195091072528157 45667.8454150688558002
   -9282.9976825564208411     2666.0657750722989476    -2049.6210000142759782        0.0000000000000000          0         22         11         15         12          0          0        0.0000000000000000 44929.1781463708102820 43696.0330183235491859 44258.8578791066902340 43103.5030595628850278 45366.6606073999646469 44692.5674879458310897 43201.3757564833504148 45305.5376458463724703 45370.6391453771429951 45318.5205542025942123 43226.7497136894817231 44358.0676456231885822 44668.3649430835939711 44184.9737311780045275 44848.3978571013358305 46010.3409207948934636
   -9295.2409214351337141     2560.5110302344237425    -2142.2924438522072705        0.0000000000000000          0         21         10         14         16          0          0        0.0000000000000000 45822.4901668340389733 43742.3163608539762208 45918.1363258721976308 46254.0792579027620377 44069.5147531069524121 43617.0190251426320174 45797.7622458277546684 45294.6352837000449654 45685.7661893627446261 44393.0840114301681751 44141.0377086768130539 44271.4477300839062082 44706.6277763908947236 45081.5082039598055417 42780.2320761148876045 42903.7090055771986954
   -9056.0102621356218151     2387.3659587479796755    -2230.1013094372842716        0.0000000000000000          0         21         16         15          9          0          0        0.0000000000000000 42515.2366869813413359 44025.4251890445302706 40616.3763276249228511 42932.0707003407660522 40214.0370196322692209 40281.7418995676271152 41058.5221591980662197 39269.2875754671913455 43342.7013076872026431 42283.2786773660918698 42167.3875535092520295 43787.1579453267258941 41479.0447536444189609 41259.0986204461150919 42131.3288436972070485 42099.4496211060613859
   -9355.4481302618532936     2251.3842393939180511    -2571.0281194372287246        0.0000000000000000          0          7          6          3          4          0          0        0.0000000000000000 45321.4945223364338744 45309.2328966681961901 46129.5662261100660544 45607.4742343074685778 45511.0900232255953597 42988.8165888008734328 46069.9200924382312223 46570.1846953595450032 44027.6612478740571532 45803.4999885215947870 45560.8063604795752326 45463.0227043255872559 44230.6200045427322038 45606.2005396922249929 46554.1318316544493428 44334.3025215940579074
   -9299.8389538151714078     2092.1467196491717004    -2629.8778219806063134        0.0000000000000000          0         10          9          3          6          0          0        0.0000000000000000 44080.1611379167370615 43896.1610708614316536 43474.0801044699474005 44833.1601757169555640 44596.6676530990953324 44437.4486986705014715 45158.5312104621480103 44124.6846235374105163 45586.3611252561531728 44677.4015928071457893 42447.3954958796384744 42560.7504324344045017 44234.6051677694631508 44017.9541808503636275 43924.9890334528899984 43446.3601580145186745
   -9222.2004800333361345     2575.6937662741215718    -2141.3100851023009454        0.0000000000000000          0         19         14         10         14          0          0        0.0000000000000000 42105.8160105042916257 44533.0748743597723660 43153.3696101267705671 42671.4141251860928605 42803.5997804772050586 42738.1137514656802523 43553.3037422798224725 42757.9979969700652873 42086.7725866253749700 39593.9105407874521916 40816.4698197602992877 42487.1185562488026335 40709.7300649766766583 43647.5643615708177094 43113.0213741458064760 42917.5306026396065135
   -9271.6878064859629376     2311.0020767656046701    -2393.1456060508216979        0.0000000000000000          0         10          0         10         10          0          0        0.0000000000000000 41272.5821626608812949 41740.8207327380659990 42827.2740178659587400 43615.5316228612355189 42369.6962200805864995 42420.5088753809832269 40462.1886552124269656 38287.3563265896373196 41275.7391719039005693 40272.2959896962565836 41664.3806366459102719 40076.5021989879751345 41882.2211829589505214 40906.7200057575100800 42894.8196957477266551 42791.3105863372111344
   -9201.2805943077637494     2439.0748322822946648    -2255.3531313197418058        0.0000000000000000          0         18         14         12          4          0          0        0.0000000000000000 40541.4007219491759315 40020.1360576294973725 41956.5799632797061349 41068.2404520023992518 41277.0199878239509417 40742.1569034499189002 42090.2175726693676552 40205.4704781699547311 41028.9264826972430455 41476.0766718647646485 42399.6339395482791588 42225.6858661944279447 43277.5694823501034989 43805.2309046957379906 42030.5075504549895413 42361.8843900880383444
   -9153.0975743524904829     2581.7995319744259177    -2063.8567350152898143        0.0000000000000000          0         14         12          8          8          0          0        0.0000000000000000 47261.6424272759468295 44699.6546841449890053 45305.8488241922168527 45152.0175249766034540 44810.1386602572019910 44278.2715914172731573 43686.2617399040682358 45398.0091848863667110 44016.7324093267379794 44989.3967993028782075 45526.1747555448819185 44272.5331534899451071 43187.5533722115433193 43072.1919140798345325 45557.3080262864677934 45246.1266219684839598
   -9283.6646937306086329     2350.2910899183557376    -2395.7523408382826346        0.0000000000000000          0         11          6          8          8          0          0        0.0000000000000000 41029.9746020783713902 41609.1426170297418139 42406.5962895954507985 42138.5106621802551672 42543.2473345414400683 43683.1464772784456727 42299.7266238680240349 42676.1898859714274295 41262.0754462897020858 41674.1360569540411234 43243.4109290127016720 43832.5897684439187287 42436.7459917947926442 41063.3463847288658144 43807.5895789381756913 43204.7098320738441544
   -9243.1979356656120217     2573.2213639115393562    -2171.7358322595900972        0.0000000000000000          0         23         12         18         16          0          0        0.0000000000000000 42410.5247857533686329 44123.6206461484835017 41101.0011229486262891 44550.7653337153315078 43806.2113980218709912 43651.2450704445946030 41150.8964708770945435 43602.3102852733354666 43108.0668461852474138 40846.4202439734799555 41489.7036229351506336 43571.7482489473622991 44064.1419062196364393 44199.1763222861409304 42863.7055478823895101 43212.1762815293404856
   -9193.3748423208835447     2108.2278605781430088    -2565.2570288731626533        0.0000000000000000          0         20         12          9         16          0          0        0.0000000000000000 42033.0959887381541193 42821.4575758046848932 41273.4560595517687034 42602.9891443493397674 41418.0659145913814427 40682.4995950740994886 42876.4937888627464417 40850.2088665857736487 42438.3202381815863191 42566.3379506692726864 44048.6855705316847889 43219.2172369010222610 41614.9914342305128230 41055.3695345316809835 43632.4625871410535183 41652.8479548267787322
   -9305.6300290351882722     2454.9028874411046672    -2297.9379737296667372        0.0000000000000000          0         16         14          2         16          0          0        0.0000000000000000 45161.5153259168073419 44103.6149615970789455 44919.6948127865180140 45358.9354816657141782 44430.4066565645916853 44922.9545104493445251 43549.0792890529701253 41882.7568557186605176 44200.7239762081881054 45952.9388198528758949 43656.5681137119099731 45122.4482785097425221 45703.3182330681447638 42541.2172551444091368 45346.7969070145190926 44901.8128619992494350
   -9248.5229280661988014     2676.9095040235852139    -1952.4873055699326869        0.0000000000000000          0         14          6         10         12          0          0        0.0000000000000000 40546.1354586146480870 41180.9210435215500183 41185.0099461989302654 39837.1876399963875883 41196.4304892801301321 39232.7218882864544867 40800.1901690847225836 38637.3261728885336197 40939.0457782925950596 41820.4211918769069598 41241.0337946891959291 43192.4955543118412606 42837.8589275828271639 42791.4542472949979128 42249.1589858489824110 42210.6105091373538016
   -9326.8004338417067629     2783.9398904221134217    -1910.0618799599108115        0.0000000000000000          0         23         13         14         17          0          0        0.0000000000000000 44060.6598227558206418 43271.9298059646680485 45023.5364741769444663 45149.5835728191013914 43969.2657349166111089 42133.8268223224149551 44758.8412881711847149 43229.3240663930337178 43521.9099252714368049 43503.6473553239484318 43502.9248812750229263 44928.5859135210848763 45554.1245021483846358 44210.0784062184684444 44102.8576542371447431 43356.8064520712359808
   -9237.3879067945581482     3022.4397194660405148    -1443.8478165935221114        0.0000000000000000          0         14         11         12          4          0          0        0.0000000000000000 40357.7116378163409536 42038.7663259822584223 43145.2634115316104726 42432.5859153749261168 40952.9899766507660388 42825.7158376779116224 42401.4354188068828080 41763.5070262887020363 42635.2122493822680553 42990.6288063152460381 41010.0905256249607191 42086.4976466274529230 42317.3933447481103940 42510.3274945584271336 41593.9447456711641280 41084.8307129818713292
   -9386.9973264613472566     3107.6192580270717372    -1349.2839127699567143        0.0000000000000000          0         10         10          0         10          0          0        0.0000000000000000 46543.2960131406871369 46044.3349789500207407 44119.4669804415170802 45014.8679547147767153 45256.6087630540350801 46826.8987445219536312 44787.1290095361837302 46448.6695930333298747 45305.9441131215280620 44574.5027889919947484 45729.9786113056470640 46696.3966810104757315 44749.8330325735587394 46215.5041198459512088 46587.6723560620885110 45621.8031016506429296
   -9206.4535744083204918     3054.8296156064452589    -1378.7091096867313809        0.0000000000000000          0          7          4          4          3          0          0        0.0000000000000000 47139.1166443463152973 46975.0862546745192958 45434.0726090512835071 45625.1720385680528125 45458.0362936270612408 45616.0520636782093788 45891.6580449191023945 44805.7131026943970937 45292.0979946642764844 44173.1325051997628179 45720.8975046012274106 45400.0177298050912214 43409.4133014525068575 42388.3084453081246465 44803.7572251035016961 45987.6537171841482632
   -9321.1793039894237154     3265.4888460011570714     -762.0706624385725263        0.0000000000000000          0         16         10         12          9          0          0        0.0000000000000000 42662.5253997233157861 42784.7371253266683198 41835.7273054884644807 42349.4811566360294819 44911.6107890395942377 43900.4005113521561725 42537.3241429357876768 44027.6148595433187438 41875.1593304007037659 43029.0373770958758541 43243.1441433468717150 44184.9377916813828051 43180.9603586405064561 42849.6931157698563766 44896.6693152741063386 43645.1598792751537985
   -9365.4312915170557972     3160.9339950895273432    -1155.0434492064027836        0.0000000000000000          0          4          2          2          4          0          0        0.0000000000000000 44131.2702509192822617 44419.0834982860105811 43141.0457132763767731 43144.6731477733264910 43649.7356768644458498 44237.7210863388972939 41026.7663883493951289 42607.7943425865232712 44864.8076213234235183 41889.0672926235638442 43452.4715853814777802 42855.3452025232109008 44978.3921358275329112 45380.1583489807308069 44642.8017143619654234 44899.0786001308224513
   -9228.8198405356142757     3210.9194782382546691     -972.1612873659880734        0.0000000000000000          0          9          8          6          3          0          0        0.0000000000000000 43307.5139923991737305 43418.4021683547834982 43194.6172607643311494 43996.7534696576331044 42067.6881906381895533 43654.6590826655155979 44223.6396828626602655 43460.1234842362100608 42572.1925295135879423 43707.7975954255744000 44884.4580699882644694 44440.0623808334639762 44186.5567993901277077 44595.7663534176972462 44135.4104808194315410 40988.5020549498367473
   -9175.0297615011040762     3239.9864655433570988     -719.7396407912495988        0.0000000000000000          0         16         11         10         10          0          0        0.0000000000000000 45641.8669865645133541 43338.1194689864423708 45617.8997820941731334 44086.1684915733058006 45559.3514494855044177 44290.5280125250937999 43907.1003214314914658 45687.2387889132951386 44277.5000976078736130 43978.4796102731561405 44304.7009397987858392 44618.5318880148697644 42260.2451398486446124 42251.9833973778440850 44724.7723353789333487 44509.8914769985058228
   -9290.2626374660503643     3233.3189321411750825     -810.5220530673947223        0.0000000000000000          0         13         11         10          4          0          0        0.0000000000000000 42892.5295431367776473 43172.6235475079229218 43525.5961447486333782 43199.3388532670942368 42824.0819026589961140 41906.4879527885786956 41065.3261418113252148 39893.3564984884942533 41333.6530391190681257 42269.5002128088162863 43553.7715666511503514 43710.4862015476101078 43007.7363530419097515 40622.3880688039062079 44548.7243906827716273 43443.8662224731378956
   -9160.7836291611674824     3312.9295460549110430     -454.1953142694675307        0.0000000000000000          0         14         10          7         10          0          0        0.0000000000000000 44758.4040652599069290 45717.6163065328364610 45329.3895771750394488 46161.8748570610841853 43352.2479894718635478 45911.7744123039665283 42552.7557775883760769 43995.2921946853239206 43882.3640313700234401 45328.8403682149510132 45415.6610848513373639 44395.9936313673460972 43787.4620298384907073 42107.1867830046612653 42006.0376034827495459 42639.2396256894571707
   -9186.7908950576111238     3121.2776245760637721    -1036.6141405099360782        0.0000000000000000          0         20         10         12         18          0          0        0.0000000000000000 42599.9247038867470110 40507.8502208400750533 43533.8668498839979293 44465.2195670646178769 43975.7149186772585381 43192.2580197334755212 42019.0919410251881345 44200.1163768569967942 42104.7754397282114951 40585.2882394247862976 39828.9291101339549641 40948.0051141395742889 42115.6005963331990642 41719.2600558594276663 41026.7126985713839531 41662.4613972182851285
   -9324.0545292423630599     2841.3498415368640053    -1782.0597353593686876        0.0000000000000000          0         14         10         10          4          0          0        0.0000000000000000 46884.0880649431273923 45547.5694445567351067 46093.1895741749467561 47693.8588111782883061 44525.4212553890247364 43933.0340778444951866 42137.1301584429093054 43440.3047794518788578 46300.0929948003613390 46498.7690482441830682 43506.2133790204461548 45923.1860602733286214 44915.5152700650360202 46551.1985815843145247 46549.1568273738812422 45704.5952490302370279
   -9358.7222136380696611     2573.5838169583075796    -2131.1788044719673962        0.0000000000000000          0          8          4          7          4          0          0        0.0000000000000000 45995.5058879598946078 45748.0618399513186887 45130.6505663671414368 44537.2304301341791870 46004.1042965070155333 41854.8945983044322929 43456.2094830874702893 45561.3958953330584336 42977.3048676138860174 42886.9894090670277365 44127.0971547013323288 43109.8974014575796900 44437.6553498372813920 44829.0381655540695647 46782.8511206494877115 45051.5222811662461027
   -9265.2745635613318882     2279.0369936486586084    -2476.9967889249937798        0.0000000000000000          0          9          2          8          8          0          0        0.0000000000000000 46258.8869998796726577 45725.1656450094742468 45362.7999243491649395 44518.1946744361775927 46205.2522323755692923 45181.2283633463230217 45612.8850404171244008 43833.7325921451702015 43201.3118526514299447 42836.0887160404236056 44116.9563620628759963 43558.7912797368117026 46134.7740591276524356 46026.6380063081960543 45167.5765778964705532 45152.8462407230399549
   -9271.7606812601716229     2742.1238248446111356    -1890.1978131547709836        0.0000000000000000          0         16         12          6         14          0          0        0.0000000000000000 43602.3631457599985879 42654.3347865151954466 43537.3072882307460532 45312.9618079339197720 43790.5554907159748836 42356.5718922576779732 43616.7374945407209452 44682.8840789132445934 43018.8981434719462413 43889.3473943135686568 42911.1103723263513530 43306.6501293684850680 41576.5774477452287101 44644.1311231520667206 44131.7737218527763616 42396.6608350613823859
   -9312.5501258853455511     2836.0078685656612834    -1828.4110159670951816        0.0000000000000000          0          5          4          2          4          0          0        0.0000000000000000 43135.2373043862971826 44135.1387411782925483 44491.2241628648407641 42496.3051919263452874 43650.8094675258689676 43908.3730399186970317 41700.6281541883145110 42215.9919790571657359 44107.0315053093945608 44286.0451265416631941 44847.7531896327709546 43020.9576716438095900 43585.1624019712762674 44609.8847071409400087 46194.8294255288637942 43815.8093498450834886
   -9221.9332288937894191     2775.0962965888347753    -1857.5146890703761073        0.0000000000000000          0         21          7         14         20          0          0        0.0000000000000000 39931.6899835382137098 42388.3210313845993369 42572.4457199522148585 42917.3409359969009529 40897.3740984690666664 42179.9607009421742987 42717.2782248015864752 41588.4327841072372394 41057.7499895889850450 41037.2461627476150170 41752.2301716572692385 41511.7485716791270534 41167.6967278761221678 41920.8835860902327113 41172.7077799336984754 41769.5759472761710640
   -9185.7942400823740172     2895.2524547083044126    -1670.0476672634076749        0.0000000000000000          0         24         16         15         15          0          0        0.0000000000000000 45447.5502950567679363 45202.5325983774891938 45400.4228532389315660 42160.6150869175326079 43786.4797411546824151 45322.7450708803808084 44309.7144433850698988 44268.7645723176974570 45147.0930614602839341 46319.0578021199980867 43462.7783597195666516 44276.8648075654346030 42691.8667734194168588 43834.4867205786140403 46215.5404629187032697 44609.8512022938448354
   -9210.2784817061910871     2992.5016202618112402    -1507.6374300419765859        0.0000000000000000          0         14         10          8         10          0          0        0.0000000000000000 44079.4644894921293599 45597.2289635422930587 43987.5008227592406911 43708.3135256309469696 42479.4520227656321367 41729.6616983139683725 44938.1734190106508322 42452.4209795387941995 44025.6455030523866299 45166.0829076373483986 43483.3562248267189716 41369.7107883767966996 44272.2249501268161112 43925.1471538178084302 44719.9463018616079353 44892.2880610186402919
   -9242.8156295236203732     2742.3280747047870136    -1933.7495372211913036        0.0000000000000000          0          2          2          2          0          0          0        0.0000000000000000 45096.3512955619808054 42852.4789101735368604 43238.1502147785213310 44791.0864477275317768 44624.4581266532186419 44377.2219610508400365 44528.2320595096025500 42685.3095065263405559 43593.5563271475548390 47536.4776041311124573 46359.4479683134341030 44987.3321015531546436 43455.5320274987461744 43844.3858722546719946 42729.0224423251929693 46898.5543994537874823
   -9279.6634312009173300     2790.0813035962132744    -1763.4757988247799858        0.0000000000000000          0         13          9          6          9          0          0        0.0000000000000000 42067.5350189819728257 42808.4177172523341142 41819.3175750691734720 40782.4800705668312730 43254.5673933237849269 38330.4651123070070753 37705.1675150381779531 39320.7338542170909932 42477.3360537424669019 41848.3878727874543983 42653.0663373073766707 44930.9435980340349488 42332.0489361868967535 43753.3865359993433231 41978.6996798787586158 43056.4385619561799103
   -9181.7458386897014861     2506.0984945071049879    -2144.6261583405862439        0.0000000000000000          0         20         10         16         14          0          0        0.0000000000000000 45363.7388132992346073 45895.2222532104715356 45240.3047415328255738 44640.2559397161239758 40908.6789846750034485 43323.4637433126263204 41690.5023427595879184 44702.7910582606273238 41999.2909232755919220 43515.5619714327986003 42701.8546354452628293 44461.8099948506569490 42610.9406985337700462 44507.3465862144948915 43864.8107021667528898 44198.3225539450140786
   -9308.9930271770917898     2414.1950139231371395    -2353.4257583258731756        0.0000000000000000          0         15          6         11         12          0          0        0.0000000000000000 44417.1635631709650625 44858.5225629887136165 43667.2641009095750633 42942.4586622228016495 44846.0761306321655866 44791.2078466111706803 45052.1293894391637878 44865.0310041121119866 44130.7453266420197906 43086.2735068643014529 43943.3355275973008247 43765.9498953162474209 44801.0735382324346574 43157.1486117736931192 44703.0015988615487004 45703.1819972016819520
   -9350.2974086292033462     2476.7037668949374165    -2234.4423555089119873        0.0000000000000000          0         10          6          8          6          0          0        0.0000000000000000 46535.5255906240345212 46813.0072789442492649 45915.8364414416864747 44511.8702093903484638 44215.4169791405292926 42372.3363289560656995 45383.2672757405671291 44999.7806099275621818 44317.0303719074363471 44741.0259036575153004 44770.7995910964673385 46237.8927498181146802 42953.1395786538487300 45170.9793286832427839 45046.5089119988551829 44726.3299903050647117
   -9339.3516272988035780     1987.5880038553027589    -2734.1351220267033568        0.0000000000000000          0          5          4          4          2          0          0        0.0000000000000000 46567.3993285715114325 45294.9497709697170649 46940.4052118182225968 46397.6975053647838649 44822.8469984000621480 45492.7977654424757930 45119.8282066776882857 41575.1218584540183656 46551.7827114152387367 45672.6106660271179862 45395.9869397633738117 44848.7995777995165554 46124.5796528211067198 44690.5221350773208542 43817.3903808492323151 46395.4913039351740736
   -9320.8343348813414195     2114.5968097291497543    -2651.6334469186695060        0.0000000000000000          0          4          4          1          2          0          0        0.0000000000000000 47488.4989440111166914 45265.3511417030458688 47158.4524525380111299 47705.2229056914948160 46410.6506711942492984 43980.4763152785744751 44975.0385648094525095 45502.7983874693236430 44214.5325878355943132 45671.0187743023125222 47240.5469755643571261 46886.0067669409836526 45210.3963798336335458 46682.7726211273547960 44913.4715035364279174 45823.1460068929591216
   -9345.8076029253334127     2085.3859703838329551    -2628.9192916096367298        0.0000000000000000          0          4          2          2          4          0          0        0.0000000000000000 46466.7726485031380435 46580.4325739311607322 45699.3774823329949868 44374.3543681133960490 45627.6409098028234439 44334.8592710622251616 44617.0919958478625631 44832.9760225157951936 44599.9695035600307165 45460.2167013271318865 45132.4759510661388049 44918.8059186496684561 45338.0906605175259756 45459.3111515808413969 44182.2756284484057687 45152.2828952987911180
   -9272.8352164178213570     2490.2411925338324181    -2236.6781500003380643        0.0000000000000000          0         15         10          6         14          0          0        0.0000000000000000 40714.0366332956691622 43240.1642205450916663 42635.1832516125214170 44366.8901168215234065 41709.8246847415866796 41396.7232570927881170 42285.4396670003625331 42313.8780204733993742 42803.8799383887962904 43451.5277867403056007 42027.3259207574883476 40299.5145353449916001 41177.9308193908509566 42039.7088144880399341 41322.8381247473953408 42664.1222964216140099
   -9273.0040899756440922     2706.2143686062545385    -2071.9871559394032374        0.0000000000000000          0          9          5          8          4          0          0        0.0000000000000000 44904.7063254886015784 45533.5031702885462437 44914.2661399226562935 45595.4829028108797502 45121.9548043196700746 44052.5553698103758506 44893.3810300458353595 45800.3847549566271482 44383.2711468228517333 45655.8207075495884055 46194.6473883395228768 45940.2967908266291488 45631.3168963333009742 44560.4110191311337985 44438.7909968425083207 44619.2046146281645633
   -9156.6604482975817518     2437.8897755800626328    -2316.6917569373222250        0.0000000000000000          0         15         10         12          8          0          0        0.0000000000000000 44190.4071212589478819 43740.7371769260498695 42974.3315950894320849 42972.7547428297402803 44494.0404924930844572 43177.1876043944066623 44596.4607981781155104 44489.1519516430562362 45480.5746598729165271 45389.4421898540022084 45216.7904667364346096 43984.3814025565516204 43899.5634496559796389 43647.4732893419131869 42983.3106316802150104 44895.8295792570424965
   -9202.0779127763798897     2050.9216845663099775    -2608.1658754302543457        0.0000000000000000          0         15          5          7         12          0          0        0.0000000000000000 41775.4154199216500274 42560.3493273072526790 42105.0587113110086648 41454.8234951742779231 42996.5065216406874242 43048.5579453031823505 41831.7213775132404407 39896.4890330147682107 43897.8708068797859596 41541.5838577669637743 42161.5256750718690455 43858.8803805297575309 41847.6845706082021934 42168.6747098421110422 41813.4821498006785987 42684.3691248701798031
   -9230.6889157960085868     1695.8060369443992386    -2872.9865409023996108        0.0000000000000000          0         11          6          7          7          0          0        0.0000000000000000 45219.3089661705307662 44742.6369556823774474 44343.8316333270995528 45219.0649480998181389 43601.0379795604821993 43489.9101528224127833 43556.5259621705481550 44297.2118719369318569 44861.9805375356881996 44309.9835480499677942 43113.4722031805868028 45481.2809873668738874 43182.6081679891358363 43488.8320912864801358 45161.0972994678668329 44043.8963438523933291
   -9294.9976816887519817     2301.2629342412528786    -2460.6607451074005439        0.0000000000000000          0          4          0          4          4          0          0        0.0000000000000000 43553.5914953995961696 43999.8047742938506417 43118.7594111673897714 43794.1186587788179168 44182.2478870966151590 41752.7847190110624069 41228.8435835695272544 39593.0140027436646051 40510.7184940471925074 41992.2863918307702988 42371.1694867722253548 42309.8517908079666086 41998.5313115519456915 42641.3970210343250073 42514.4500723440723959 44506.4721780110412510
   -9213.1445959055508865     2374.7931213068864054    -2373.9378747902937903        0.0000000000000000          0         17          7         12         13          0          0        0.0000000000000000 42947.9339627875087899 43551.1418509731447557 40936.7245444649743149 42983.0800840230222093 42553.4308216442732373 44154.8890418478549691 43628.1900286678355769 43374.4507027105792076 42996.2673270897648763 42219.0122420912957750 42475.7006965486361878 43868.4842015732283471 43500.5326091213355539 44533.1359873529290780 42815.4762081495864550 44827.0752493922263966
   -9291.2136874333955348     2435.0039882451651465    -2234.9760216948529887        0.0000000000000000          0         12          6         10          8          0          0        0.0000000000000000 46141.8212832347489893 45441.0519393037902773 45792.1937864065912436 44163.1348878134085680 45072.7281563684809953 44597.4948981040433864 45667.2710465953859966 45489.7942808262450853 41227.5701048721966799 43071.3564786615752382 41306.1667609131473000 40077.9569996156351408 41644.3670153745551943 44273.6302382173307706 44649.9974004442192381 44124.1656164595478913
   -9359.8350094371562591     2305.2676039043562923    -2484.7825465801888640        0.0000000000000000          0          4          4          2          2          0          0        0.0000000000000000 45706.6147747137438273 44484.2714232187208836 45894.4092174383331439 43466.3527950996140135 44883.0507722978654783 46476.9917427110049175 45495.3655879854049999 44086.3319860767951468 45592.5180607359434362 45531.3761916193252546 45687.5826005154085578 45725.9087499419401865 45094.6508156842901371 44897.0527865506737726 46403.0707565265474841 45209.2892038786158082
   -9232.8112629358292907     2062.4514238686197132    -2594.4701487586021358        0.0000000000000000          0          7          4          4          6          0          0        0.0000000000000000 41015.7408365765149938 40058.5493983941632905 43125.9877649996633409 41583.1190888423734577 42512.0357772974311956 41137.3959522366858437 44669.3268143988098018 42948.8884176107676467 42562.6736231189133832 40866.3814044410537463 41272.8394765048506088 41306.1865308323176578 41071.8199455049762037 42980.6131157864583656 41622.8957334298465867 41398.1459784804028459
   -9453.8889392127039173     2209.2655789646719313    -2592.1309106666681146        0.0000000000000000          0          5          4          4          2          0          0        0.0000000000000000 45170.6636765249568271 46144.4765819708118215 43709.9916275946161477 44650.5397400887814001 46124.0675056910040439 45768.4107630341604818 44426.6396060892584501 46534.0465036288078409 45986.9521554631210165 45149.9546337824576767 44463.1180681068726699 43524.7197867637441959 46036.2685213071381440 43665.4331951841741102 45307.5316328296612483 45930.1466407870466355
   -9238.7313052596273337     2064.8409179738587227    -2651.4692541891422479        0.0000000000000000          0         10          6          8          6          0          0        0.0000000000000000 45958.0978395291022025 46899.4602655062408303 45637.9730730123337707 44957.1795330125605687 43653.6764586055433028 43441.2909533416677732 45483.7985851810080931 45590.4405608657543780 45816.9019347041321453 45380.5321749810391339 44815.4710105181948165 42008.8427788379194681 43399.0281070513592567 44899.5544296284715529 44856.0524266450520372 46527.1390166978962952
   -9289.5613818040510523     2335.1987331469445053    -2390.0377830779202668        0.0000000000000000          0          8          2          4          8          0          0        0.0000000000000000 45886.3764349017728819 45093.6273695236304775 46140.2025448080312344 45474.2969827611086657 45222.9884077308379347 43154.2322050730726914 44919.8758830989900162 43187.3597600332795992 40018.6528300925419899 43417.3571028909937013 43468.2207308458819170 44590.3450600200958434 45069.0987996866024332 44537.7855837034876458 42956.9554551604014705 41987.0188606889714720
   -9205.8735244219533342     1931.0435593672864343    -2684.2551264925418764        0.0000000000000000          0         17         10         12         12          0          0        0.0000000000000000 43089.6803134882065933 41075.8754791668470716 39409.5580562501781969 41672.1398228445177665 42589.5457737469987478 43400.8883019750501262 41547.1703835041407729 42124.5056370027741650 42565.3448529839006369 42278.2411864615642116 43201.0687896236340748 42654.4243609226105036 40865.3173918977990979 41840.4943281558444141 42038.2042195268804790 42750.5872851437670761
   -9335.7310225915607589     1509.0492336208844790    -3021.9787491680167477        0.0000000000000000          0         17         11         13          7          0          0        0.0000000000000000 42438.2147775264529628 43275.9001004003439448 41579.6515271396201570 43905.9420588492939714 44123.0919410589049221 42618.2296383133798372 41609.7784216754225781 43409.7272549141634954 43858.1579178141255397 44212.4363215926277917 44576.1842666329830536 44766.0365728874676279 43127.6770365873962874 43284.2280697684036568 42759.8273563897673739 43699.6047282990257372
   -9297.3729659738892224     1937.9990598391648291    -2776.6594585007660498        0.0000000000000000          0         14         10          9          6          0          0        0.0000000000000000 43629.8057991769455839 44523.5562971418912639 44507.0698502645172994 44655.1652477969037136 43254.8857592292843037 44577.6374102321788087 44282.6385420120350318 43864.4340538212563843 42331.7433200632367516 43218.3437365197169129 43966.6938172601658152 44867.0613986638782080 45172.4692063603142742 45686.5433344965713331 44418.4572654373987461 41169.6445585221881629
   -9255.2677423245131649     2129.6146655084562553    -2591.9995471072716100        0.0000000000000000          0         11          7          9          3          0          0        0.0000000000000000 44980.2995787095278502 43551.0491251799321617 44696.9158312254439807 44276.8225662452969118 44265.5869904630962992 44407.1720003378286492 43500.2494965727382805 44374.0135799616255099 44221.0380911309766816 45097.6056643902629730 44545.8972062222455861 44548.5326352524280082 43870.4382326167396968 45603.5759487683826592 44207.0446111981873401 44703.0762864695716416
   -9195.7189157415687077     2561.2571949880148168    -2107.5004123895128032        0.0000000000000000          0         21         11         13         15          0          0        0.0000000000000000 43936.6396594978868961 42044.0104165996017400 43540.0752501571259927 42583.7450250014662743 43563.4491098793296260 45460.3231391478766454 43840.6794414166361094 42142.4199305087313405 44174.6180186305136885 44066.3516268298189971 41737.3059838303743163 43222.3076843674643897 41950.4501073405554052 42198.0813526951897074 43896.5212396465067286 45518.4231874188553775
   -9232.6465498192428640     2211.6513493631687197    -2470.1640755557377815        0.0000000000000000          0         13          7          8          7          0          0        0.0000000000000000 45575.6563777201081393 43242.3533066169475205 43887.4278240827989066 44131.3932003519730642 44428.8974342198198428 45308.1996800301858457 45233.2054272139648674 44860.4852262838539900 45643.9743794127425645 43532.1886889012967004 44199.5964715295922360 44622.7208596339041833 41485.7840110152319539 43517.1394423222518526 42911.0969478453480406 43631.8014751524169696
   -9333.5008172138168447     1906.7373685918003048    -2749.2310627371884948        0.0000000000000000          0         11          8          4         10          0          0        0.0000000000000000 45545.0545548469235655 44935.5188665160894743 42504.0414497928431956 44441.8355737842575763 42319.4445690889842808 45252.9734436010621721 43914.3300037275184877 44876.6118031502046506 46061.6190671153381118 46625.7169857851768029 44040.6220204482233385 44586.3893398261570837 43747.1539575156493811 41941.0342714159196476 45011.2240023046033457 46638.5176504209885024
   -9204.4137802068344172     1466.0775341615449179    -2993.1521144448129235        0.0000000000000000          0         10          6          5          7          0          0        0.0000000000000000 43552.6877131840083166 44087.9788394209535909 43319.3770806997126783 44807.0787296554117347 44481.5505680653295713 42814.8141416789439972 41941.9658679823405691 43137.4290875021542888 42539.7626128550909925 42711.9818363245431101 43122.2301308299065568 43754.0050721651859931 42704.2367981780334958 44235.3028113529508119 42547.0393747151902062 44662.5542308569929446
   -9268.1712136640508106      955.9231724532322687    -3237.8208898975804004        0.0000000000000000          0         12          7          8          7          0          0        0.0000000000000000 44713.4032160085116629 44470.1929798240744276 43731.9790107822191203 43454.7753622069722041 44142.9430063290201360 42229.9334556453904952 43240.6654987643414643 45013.7976541860480211 46404.0441228755735210 45198.7672774912352907 44728.1579167852178216 43182.2965825874998700 44533.6889142462969176 44222.8061420813683071 45247.6088844859114033 44055.6256583748399862
   -9274.4171455491159577      528.2723345550305112    -3290.5059844055226677        0.0000000000000000          0          6          4          2          6          0          0        0.0000000000000000 40887.1054296973961755 41933.9202093006242649 40667.8011339116928866 40296.5027620090695564 40235.5154524909958127 40135.2705440623685718 38982.4222540429473156 40951.3207144901971333 40915.4486919345290517 42847.8908597567933612 42742.5679926379889366 42317.4599560399947222 42046.7805490912069217 44343.9411965267572668 43746.4932772183601628 41135.4229295037803240
   -9154.3833663090426853      967.7075859800078206    -3189.2226020147695635        0.0000000000000000          0         32         18         30         16          0          0        0.0000000000000000 40704.9524402230308624 41857.5144143638535752 40824.9614876379782800 41679.0474081030042726 42581.6907435493194498 43368.2584462645609165 40338.8249482299579540 39998.3716516511558439 42865.3048618945904309 43092.0507563860883238 41949.0688320734625449 42102.9066284490472754 43785.9738688258221373 42673.9496925479616039 42535.3314577426499454 41054.8534456510678865
   -9096.4065736399461457      875.2719554526873935    -3214.6141956300120910        0.0000000000000000          0         19         13         10         13          0          0        0.0000000000000000 45177.8153364845493343 45087.6591977967254934 45272.6646953493182082 43125.0918235455756076 43761.2023915924364701 45098.5228220518401940 43891.2359784344516811 43648.6452617173636099 42798.3825877940980718 42255.0254936026540236 44246.6711800148186740 44623.6657824787980644 44530.7546014905310585 42764.9386962464268436 45486.9767591237832676 45591.1719109420810128
   -9231.2211934459701297     1486.2858534276701903    -2965.0815331357393916        0.0000000000000000          0         15         10         11          8          0          0        0.0000000000000000 37256.8908645503688604 39393.1012760641169734 40672.9638225762028014 40280.2290682533057407 40483.5010702907820814 40750.3863504995533731 41295.6203560456051491 39564.4950170620795689 41254.1158902154056705 39954.0608468494392582 39900.2457574958316400 41553.9211087292278535 41446.0736768228089204 38913.9128783802589169 38526.4582128720139735 38919.4640506590294535
   -9313.6256153064277896     1934.4343016721722961    -2749.2933461756128963        0.0000000000000000          0         10          8          8          4          0          0        0.0000000000000000 45079.2613452997538843 44592.3059090587921673 44061.3185256027063588 46020.4655034068055102 44650.5326892535085790 45067.8487993873786763 44271.0088796841373551 45056.7914201887542731 42649.9361506224740879 46219.3552093883190537 44342.9192755373733235 44216.2283728876136593 44952.6595946153247496 43322.5707676200181595 45171.8856086025334662 43184.1215428681607591
   -9263.2579889851567714     2218.6363536097451288    -2523.2111490130550919        0.0000000000000000          0          8          4          8          4          0          0        0.0000000000000000 45991.9941643666970776 45235.8578995967982337 44880.9844092093117069 45262.3263104080251651 44607.3587278495106148 43969.3083871715061832 45591.0606698635965586 43847.0621914092334919 47572.2024505678273272 43989.0800341769718216 46452.1954310498986160 44028.5249962721354677 44225.9746540340784122 45946.9921021347836358 44233.5703360274928855 44154.7848096652960521
   -9351.4666877648123773     2272.1369727360684010    -2480.3527851200983605        0.0000000000000000          0          6          3          4          0          0          0        0.0000000000000000 45135.6252360496437177 44059.6773242581039085 45097.7622706840338651 44108.8692157553741708 44225.9278338983422145 44355.4052695030186442 44257.5022019583411748 44416.1246374315524008 45402.3072287267932552 44545.5837456849112641 44586.8118017902088468 44811.2679914525360800 43579.7474177910044091 45461.3779158504330553 46340.6945643013750669 43838.3415068844406051
   -9244.5083907689950138     2204.4789704353220259    -2441.1402948842478509        0.0000000000000000          0         11          8          6          8          0          0        0.0000000000000000 38659.2602668974868720 40476.5502607160306070 41139.7265450905251782 40917.0220063773886068 41318.7619077137787826 41786.1993878172215773 41433.9581588456203463 40071.3787025185883977 39716.9939602078811731 38206.0377904085762566 40259.1934852167614736 38111.5514889031837811 38734.2258683178806677 38155.4970753312227316 41621.9823256430681795 41207.7050708050373942
                   Energy                      Mag                                                   F  N clusters    N vorts        nvx        nvy        nvz  N strings  Max s str            <l string>                Correl
