                   Energy                      Mag                                                   F  N clusters    N vorts        nvx        nvy        nvz  N strings  Max s str            <l string>                Correl
   -9342.7662663313658413     3307.8175190632318845     -603.2387607807889935        0.0000000000000000          0          8          6          6          3          0          0        0.0000000000000000 44022.9887658126754104 42562.2455815770881600 41812.8676409887775662 43743.6435060559815611 43706.7856274120131275 44214.1707902110210853 42973.7888556117031840 43199.8248891282055411 44210.4058220859806170 45364.7941282731553656 44444.1802276130256359 42252.3188758777978364 45559.9366573449951829 45767.3270017443428515 44684.1550464077736251 43946.9208872105882620
   -9403.8744566930054134     3101.5536437728114834    -1178.9012279577702884        0.0000000000000000          0         17         12          9         11          0          0        0.0000000000000000 43552.5452673869440332 44395.4007063819517498 43348.2619614789582556 43996.1121419660557876 40710.4929588991581113 41129.4195771284430521 42700.0838260392920347 41197.1532423653261503 44091.9078934042627225 44661.6338755205870257 45119.9874220333003905 45351.5966967122440110 43330.0677352362035890 42133.3268126001494238 42752.3700960990172462 42109.8890104438687558
   -9480.8367093268643657     2855.2337288191756670    -1910.1945641969050484        0.0000000000000000          0          7          4          4          6          0          0        0.0000000000000000 47684.7135694868920837 45473.5637795353686670 47106.3175708243215922 46063.4200949411606416 48061.7577703256538371 45622.5445695501912269 46683.6623048289984581 46613.0764996923389845 46963.2458183995258878 47005.4325620930831064 48621.4342437675077235 47453.1004973699455149 46767.0451424810889876 46183.9645229795787600 46311.0862848978285911 47178.7871686311627855
   -9395.1336669641241315     2723.8823361889735679    -2019.4948261013685169        0.0000000000000000          0         14          7         13          6          0          0        0.0000000000000000 42938.7585259334300645 43482.9546349889351404 43420.5235832666439819 43366.8142988427716773 44004.7908412763135857 42798.8094824612635421 42405.1066980660398258 44681.1642694922047667 44426.7241462610691087 44714.6732545794802718 45198.8518016025191173 44744.3035283117787912 44572.7582044411246898 41795.5064667265396565 45071.9062707846751437 43069.8949413580630790
   -9378.4000384871942515     2366.4287743893278275    -2425.4279037061742201        0.0000000000000000          0         13         12          6          8          0          0        0.0000000000000000 48234.9408980412117671 45982.2012442707782611 46507.0538829203724163 46317.8201111613961984 46009.4835652543406468 45471.4987488058468443 47027.1891182467661565 46794.3805208643825608 47207.3954018204749445 46213.4832513874280266 46490.1486775183511782 46570.7536420457036002 46264.1203965450695250 46612.2028552489500726 46121.7767738916591043 45912.2451834865278215
   -9529.0725475504386850     2788.2859266496257078    -1970.5653440776429761        0.0000000000000000          0          8          6          4          6          0          0        0.0000000000000000 43119.6881470579392044 43394.5734771353381802 43477.6404185132414568 43835.1368007793207653 42992.9293589811568381 43909.1894563947353163 42430.3972173264919547 44850.4220171861088602 44517.6528640907054069 45966.6559194122528424 45171.1477693879860453 42927.0145816555304918 45951.8110636615529074 45754.8591097067983355 43977.9196206769993296 43951.0217240094934823
   -9390.4224906364415801     2895.7432626641084426    -1777.8660476013078551        0.0000000000000000          0         12          6          4          8          0          0        0.0000000000000000 44155.8998265044501750 46352.8320211966711213 44116.8047942604971468 44125.0296780909338850 43730.3790621695661684 44634.5137931413919432 44862.1719271572073922 45971.1644385802646866 46671.1630177846964216 43841.8311177214782219 45626.4271047016954981 44307.6263157289067749 44384.9911854980018688 43340.4153415878245141 43775.4476442348386627 43376.8948914872744353
   -9529.5640557218721369     2907.4625238930802880    -1840.6606467428925953        0.0000000000000000          0         11          6          8          8          0          0        0.0000000000000000 47475.0220584620983573 48164.8556383737013675 48028.2055506972756120 46008.7930432026041672 45604.0905388485261938 45779.6912745857989648 46528.2421727857436053 47279.9440268741600448 47986.4138393489774899 46090.7699934068805305 46482.8909920510850498 48727.4244219792162767 48014.5799594595446251 45717.2642358200901072 46376.3739670388749801 45453.0731699611642398
   -9550.4180364555850247     3056.3996799711399035    -1548.2380492267893715        0.0000000000000000          0          4          0          4          4          0          0        0.0000000000000000 43460.9309156046729186 45356.3293134885243489 43624.1935626492049778 45046.6747650432953378 44621.6030881062542903 44621.2672628184736823 44905.5126810066212784 44797.6927194559320924 45483.7932701869140146 42821.2753559505945304 44268.7065104179710033 45568.8729278566897847 44124.4141397403873270 43731.5823985302849906 44445.7027160505094798 46285.3142507910670247
   -9495.6089525126117223     3215.7410008409683542    -1080.5765430294297857        0.0000000000000000          0          4          2          4          2          0          0        0.0000000000000000 41645.1479745123288012 43905.4228760705736931 44366.3232866927137366 43025.5115308243548498 42285.9953413374169031 41952.1640701761280070 43160.1396140355282114 44225.0461368623437011 46196.9781117927559535 43348.9532776894411654 41353.1745094108482590 41993.9251308410312049 43398.6793601715617115 42927.3069786051491974 44634.5996805781906005 42093.9245734523137799
   -9447.6135355398255342     3278.6612422975572372     -767.5316672484945002        0.0000000000000000          0          4          0          4          4          0          0        0.0000000000000000 44840.3160113920021104 43963.7843249661455047 43859.4213344263407635 42438.3971887573861750 45372.8561423432984157 44568.0435875384428073 46038.5211564291676041 46026.4036270405122195 45557.9040109446941642 43319.6969591985180159 43523.3118132960516959 45327.8579397110006539 44901.3453107405584888 44616.5939637644696631 44493.2193248695475631 43520.2279323623515666
   -9376.0342264760474791     3366.1052150673481265     -381.9555142621072719        0.0000000000000000          0          0          0          0          0          0          0        0.0000000000000000 42133.3108355599397328 41662.0981794964973233 43888.2692473628994776 41627.7850956494949060 43688.0144081602556980 43856.9876141062559327 43620.9529941175351269 43523.2155459488130873 44149.1945723120588809 44796.8847687505476642 44368.4235859470136347 44231.9596440511595574 42790.6085150638900814 44283.7478563971089898 43201.4485220112037496 43427.8880207441907260
   -9407.1447002486365818     3228.8501134283169449     -905.5131428705568624        0.0000000000000000          0         18         10         10         15          0          0        0.0000000000000000 45528.2866239315044368 43835.9476848197664367 44358.9092301244018017 45119.1971988308287109 43330.9307352113537490 43950.4388043990475126 43372.6598217594291782 43183.7873676150411484 45108.9497270188003313 46543.7224862914954429 44763.7995309200705378 45698.4215212588023860 45892.3562219111408922 45077.2567058040949632 44762.0998254257501685 43624.1018640937254531
   -9493.4435911500822840     3352.2675435957630725     -339.4281958682884124        0.0000000000000000          0          5          4          2          3          0          0        0.0000000000000000 43773.6831630109663820 45977.3516883256233996 44999.5229009456525091 44658.8210074010276003 43385.6630122816422954 43383.1393640279056854 44744.8497953100450104 44465.6913313412733260 43851.5795673975080717 43799.0601811753003858 43994.2144591050528106 44096.4030817885359284 44684.2177982400171459 43516.7684556830645306 42169.7766140782769071 43063.4487508018573863
   -9458.1524618072344310     3351.0873581513942554     -409.8112179077498354        0.0000000000000000          0         16          8         10          7          0          0        0.0000000000000000 46257.4338340743925073 46126.5927047242294066 44605.9840539461802109 44317.7224459270364605 45459.0596111262275372 44914.3950308333514840 46786.5311729250388453 45382.7680785057818866 44453.0998956192051992 44095.6405881186874467 43086.1693323656290886 42317.5437240304599982 43983.5707726497130352 43895.7915238475179649 45805.3128675890257000 45798.5234156701917527
   -9449.1703690746526263     3404.8607815284267417     -277.4776477253429903        0.0000000000000000          0          2          2          2          0          0          0        0.0000000000000000 46913.0489077027814346 47278.6120148834961583 45928.3729515602972242 46097.1202278490090976 45923.7024636273563374 46203.1883253775595222 44733.5656431217066711 46596.0794757706025848 45109.1055702899684547 47356.6928436668677023 45601.0820211037935223 46359.5434988309571054 45823.6384848814341240 45471.0797911111003486 46068.2692877778390539 46555.6601997240941273
   -9361.3328487108010449     3354.0396406869003840       99.5452649529890436        0.0000000000000000          0          9          8          2          8          0          0        0.0000000000000000 43519.5177810118693742 43223.0660684969625436 43653.6092711659366614 44625.9514147192603559 43760.7715569295323803 43574.2275516343506752 43273.9888071720561129 43464.1191874860305688 40814.2112535779524478 40181.3289284166821744 42538.7357084183458937 44379.5650921488486347 45784.6651767238799948 43549.8208514150610426 43538.5299311404014588 44211.3716410112974700
   -9439.1542071048825164     3317.2489091040947642      762.9325378185736781        0.0000000000000000          0         14         11          6          5          0          0        0.0000000000000000 43149.2887068725176505 44399.3111198791157221 45479.3840083986797254 43122.9721793616117793 44394.8391777019423898 42411.3063610858225729 43169.0899283085745992 45051.2946852407476399 45392.8168072651460534 45621.1000023264714400 43868.6488501583662583 43708.9031454631185625 44014.4956459196837386 43730.9589048505222308 44297.7725477401545504 44766.4981566307105822
   -9490.3617351820339536     3323.1435116006673525      638.3288208968970139        0.0000000000000000          0          2          2          2          0          0          0        0.0000000000000000 43785.3293855998417712 42839.5458714763226453 43167.9986005620594369 44074.7801493606020813 43928.2201545285861357 44235.9694768441331689 41680.8254150987413595 44282.4786021532781888 44711.1824256582694943 45161.6428838876017835 44890.9401921850803774 45472.9264894070875016 45048.6202199846738949 45080.7753727420713403 44298.5757345005986281 43493.9806078526089550
   -9408.5409992356071598     3308.1622930938228819      766.7444274313919550        0.0000000000000000          0         15          8         10         12          0          0        0.0000000000000000 40934.2477428161437274 42702.6429767904410255 43283.6356353725059307 42725.7904348610099987 43655.0444693176978035 42300.0351080183900194 43387.6033613405161304 43151.2586640677618561 43468.9389526040249621 43228.4392241134773940 41393.3126454883822589 42352.5686807207384845 43469.7426294248507475 43282.4887297090172069 44248.7578445602703141 43323.6938895212297211
   -9426.9484462043183157     3333.4394240526512476      591.7792043145788057        0.0000000000000000          0         20         14         12         13          0          0        0.0000000000000000 43619.4592751466116169 43068.0177148562797811 44995.2655694479253725 44798.2741918394167442 44179.4743434227057151 44144.8278603823200683 43554.4660367429387406 43821.2810300686833216 44143.8052516289608320 45585.4054025789446314 42967.1537125125760213 42893.2015609770169249 44547.0132182158413343 44400.4792172750021564 43900.7282245857713860 43240.2264096435319516
   -9547.2205906898016110     3331.4330500758928792      844.2212642882610680        0.0000000000000000          0          6          4          4          4          0          0        0.0000000000000000 45912.7648497555783251 46596.9548714166739956 46475.4274061890973826 44715.6294911713412148 46274.3173133125528693 45159.3042238153284416 44554.6933319758973084 46560.3960726797304233 45850.8816595995085663 44633.2347563662042376 46442.9811910923599498 44700.2570329273949028 46468.5330888680109638 47596.0694357761240099 46019.6655253599019488 47577.1553025913744932
   -9544.8680485265867901     3374.6090605143731409      218.1916003996992686        0.0000000000000000          0          7          4          8          2          0          0        0.0000000000000000 44914.2017329752707155 46556.1165862703201128 43196.3894712534238352 43677.6219099369482137 43444.7520583439982147 43034.6162898088005022 44309.7699920907107298 42547.5655960923759267 43941.6142209860845469 43918.4019499808346154 41175.1901247871428495 42364.1497563239390729 44377.6572328569018282 44902.5152907142473850 45285.4176151343999663 45434.7737923370004864
   -9426.8490240516621270     3377.8355277514683621      381.7629433688566110        0.0000000000000000          0         12         12          4          8          0          0        0.0000000000000000 47203.3300453602132620 45853.5775142815255094 45398.5773274196108105 45438.0285280463722302 46154.1345264297269750 45651.9435740794506273 46044.0720760061958572 45153.0497160796076059 45739.9110074881391483 46358.1650516207373585 45978.5487255091939005 47435.4806885898578912 46431.6043922501194174 45427.7362376165474416 47692.2370374113525031 46211.7918435510728159
   -9544.0394319988918141     3316.7030118490397399      853.5899156313219009        0.0000000000000000          0         10          5         10          4          0          0        0.0000000000000000 48747.0577836752272560 45876.7486676820553839 47794.4643531387118855 47596.6807931251387345 47554.1529862838506233 48793.2961452025047038 48856.1463882404277683 48140.8832008707395289 46660.2447647556400625 46763.6877889416791731 45243.5563139899168164 47441.7369678471513907 45743.4835691463231342 46731.9062364298879402 46991.2217830817389768 47182.6677994982092059
   -9406.0018072961374855     3226.8617885070757438     1026.6934580267941328        0.0000000000000000          0          2          0          2          2          0          0        0.0000000000000000 48271.6372375559440115 43692.2302722209278727 46608.2887313311366597 46572.2795982434981852 45456.4180386297084624 45912.2159909763940959 47083.3154195272654761 45469.3154009076024522 46980.6921167215768946 46201.9529724472013186 47214.8371919529308798 47260.9624037132161902 47231.1811520070259576 46958.0012550178071251 45705.7239624871581327 46643.3709605640833615
   -9539.7643758462454571     3206.6523278638569536     1266.7754769354542077        0.0000000000000000          0          6          4          4          4          0          0        0.0000000000000000 47100.7021142889716430 47043.5925696630292805 46828.7372972470620880 46482.2561501986347139 47373.4913373459639843 48072.3036080893507460 48310.0954821381965303 46854.1103748343739426 45574.3294297403117525 46855.7775666735542472 47346.4466942307335557 46692.5489206989877857 45304.1236887878258131 44853.2354411145788617 45886.3675441634331946 45886.7520155335369054
   -9519.4731725546917005     3011.1157184871685786     1638.7067025255241788        0.0000000000000000          0          6          6          0          6          0          0        0.0000000000000000 44973.2706864282372408 45242.0785032878338825 45972.7176354175389861 44508.6622044790710788 45389.6583581097802380 44401.9007016517425654 45529.2367280601683888 44865.5408283378055785 46481.0518673517944990 44563.3866519417497329 44177.2053416244016262 44026.3819608458579751 46230.8998207290132996 45577.6574225536678568 45141.4243911039884551 45773.3829425300209550
   -9446.6149152077887265     3306.0189118267976482      896.6792051570563444        0.0000000000000000          0          4          4          2          2          0          0        0.0000000000000000 46239.3474728985747788 45676.0115735632716678 45777.2108435628979350 46106.8273471172506106 45914.8051297652564244 46607.1202993025653996 46307.8622315415414050 45960.7295443326875102 47168.9570168715799809 47353.6816236762388144 44068.4562209881114541 45851.3498350740555907 45950.7531969090196071 46229.3622256987437140 45196.5142873199802125 46056.1660336645436473
   -9538.2421772978905210     3378.4975083183198876      495.7049135945097760        0.0000000000000000          0          7          4          4          6          0          0        0.0000000000000000 46703.3388782816982712 46181.9661600941981305 44514.7004022499968414 43753.5650686923327157 47324.2307124814906274 46424.2909387903782772 45688.2724056693914463 47986.1391116353552206 46411.7850252941716462 46129.1221596660107025 47347.0653635475973715 45630.1708062664692989 46523.7588070190395229 45505.1648724079568638 45871.2340548983556801 45249.3392448084778152
   -9466.4542058245260705     3297.5609267998870564      542.9052121299519058        0.0000000000000000          0          6          3          4          4          0          0        0.0000000000000000 41457.0096210812262143 43605.6605810570908943 41835.2298655818449333 42523.9384305110215792 42815.6993379407431348 41023.8513863434127416 41511.4017924498548382 42614.7124612260813592 43426.5237758601360838 40748.9676079338314594 42339.6316467240976635 43385.3107650280871894 43528.2113935490924632 42905.0257515431367210 43073.0649125846393872 41512.0413320345469401
   -9503.7126555475260830     3311.1676018306093283      926.6287876247388340        0.0000000000000000          0          8          6          5          4          0          0        0.0000000000000000 45538.5807932744355639 45451.7056903510820121 43575.1761692883083015 46112.7434212360676611 45360.1551029994298005 45742.4483402246842161 44243.4344384279102087 44794.2338748239417328 44942.5216202649535262 46736.6875218934583245 46208.0383290391982882 46674.8441455447828048 45417.5379047528331284 46454.9389806929611950 45411.6501754558557877 45677.9979504127550172
   -9473.8946199038728082     3239.1390108282448637     1061.6614012497082058        0.0000000000000000          0          7          6          6          2          0          0        0.0000000000000000 44302.9401815103337867 45370.8571087634409196 45709.5637484158214647 43678.0154471647911123 45117.1799292810173938 45179.2208925505110528 45613.0160334495813004 46066.9382215115110739 44577.3933486001042183 43710.8569329902966274 43409.8494198871630942 44315.7394284407564555 44257.0489479136740556 44242.2134577950419043 46302.6807666744061862 45611.9537696422485169
   -9386.8444977835206373     3248.0653935710706719      915.2359901126194472        0.0000000000000000          0         13          8         10          8          0          0        0.0000000000000000 45618.6023972172988579 44512.0570132240754901 45962.7879040810585138 44871.6741103987151291 44900.5461197213735431 44033.4869294835589244 44003.2582179901073687 45265.9845640662897495 44437.2736967618257040 44972.3703986920663738 45916.5473978079826338 45909.0080160015131696 43490.7883398243720876 43680.4953855875355657 43802.5192164576801588 45026.2155410814011702
   -9336.4270589650914189     3326.4248562523966939      543.7000303239219647        0.0000000000000000          0         10          4         10          6          0          0        0.0000000000000000 44320.2883479781012284 44711.1421395133802434 42958.0039669504185440 44709.9265509637771174 45180.1780185860261554 44120.9269023523083888 45991.4034930403213366 43227.6010621895766235 43678.9433433419908397 43586.5851234619985917 43995.3246412198277540 43522.5740902189863846 43212.9855631607351825 43222.0173766473235446 45863.2757329135783948 45801.6536554924750817
   -9426.1889482910464721     3368.2020658619826463      484.0063259150161912        0.0000000000000000          0          6          2          1          2          0          0        0.0000000000000000 44685.9234362509378116 45413.3372937298263423 45591.4244617288495647 44171.3542784549426869 45653.1235289973483304 44727.7965534686154569 45763.2212265794005361 45754.4033498615899589 44470.6343547678916366 44383.1702829846835812 45741.0141392068908317 45809.9930266375376959 46287.3458036291049211 43213.3935999383465969 43860.5741363546258071 43608.0512214846748975
   -9423.2329106281249551     3348.8296423139354374      469.4927038267864532        0.0000000000000000          0          9          6          6          6          0          0        0.0000000000000000 44652.9237034765246790 45173.6185895671078470 45075.1235318546823692 43310.6783488068394945 44090.3853080630142358 44223.2357713161327410 43438.7390818579515326 44382.5377475826971931 46010.2303106504405150 46491.6448162492306437 42939.2430493801439297 45770.2901533231779467 44386.4240500989471911 44171.0705155209579971 45953.1607877563801594 44237.3927389570235391
   -9500.0819563201275741     3382.7902903479080123     -304.6780948602886383        0.0000000000000000          0          4          4          2          0          0          0        0.0000000000000000 48734.3982307989790570 46136.5256909626405104 47063.0028261893239687 46658.7120419505081372 46363.7824358319121529 45625.0398536926004454 45394.7707942921842914 45525.0526998783534509 47315.8001535594084999 46562.8653615809234907 47448.5402402949330281 48829.3582585850235773 47246.5167314087229897 45933.7639493575770757 46610.1451256653381279 47762.5933023778707138
   -9436.0023154881109804     3341.9471567391060489     -615.6803546647713574        0.0000000000000000          0          8          2          6          8          0          0        0.0000000000000000 47054.5129660652237362 46360.0646466917969519 48098.9727736437780550 44059.0307925185916247 45100.0329300598095870 45015.7569720323299407 46816.7193412950218772 45156.5103641940586385 43141.0585710692394059 46260.1084721830193303 45664.4733601827902021 47233.8975487306524883 45150.9592422530258773 44606.7403166236254037 47110.2755420862449682 45399.2495537530776346
   -9408.1413631711748167     3333.2577955592387298     -686.8151764273818571        0.0000000000000000          0          9          6          4          8          0          0        0.0000000000000000 40818.6169978932448430 43051.2517908614681801 42534.5099881260248367 43273.6553575216967147 42990.9696267021863605 42956.0579574652656447 43968.8930798255096306 43008.8199118685733993 43704.8696771531613194 42204.1829096671935986 42282.2748279821098549 43129.9052624875621404 41725.8310791006369982 43600.3696998130690190 43254.4237938490405213 43142.8140863055814407
   -9370.7483072197592264     3255.6588781171926712     -937.8446032866060023        0.0000000000000000          0         12          8          8          8          0          0        0.0000000000000000 45780.0253258004959207 45262.8095606820133980 44918.7364264159550657 44732.7487798557631322 46271.2883011318263016 44097.3860428434563801 46434.7539515627286164 45430.0900044111112948 45973.8213301692740060 45804.4952762487082509 46661.0442398688755929 45012.1935658228976536 44097.0058654807507992 44068.6129013708850835 43886.6468856594292447 46356.3171701403116458
   -9473.2417428525823198     3086.5305107505159867    -1411.3813521371341722        0.0000000000000000          0         10          8          4          8          0          0        0.0000000000000000 43031.9425531835659058 42661.9530435062624747 44943.2259001214624732 43882.1629321587970480 45025.3222179758595303 43890.0385436290671350 44752.7330462896788958 42328.0124338198365876 43410.0987175365662551 44630.2017355438729282 45146.6442541852738941 44069.8625646576110739 44563.8408905423711985 43876.2992355028181919 43357.4283305789140286 44029.9017135942704044
   -9480.7114488354236528     3063.0922173473427392    -1471.6148687090967542        0.0000000000000000          0          9          8          2          8          0          0        0.0000000000000000 45434.7974166721323854 45252.8595811706618406 44918.5756398012745194 46277.2969769675473799 44823.9590085916570388 46735.7979511304729385 46126.0782178096269490 45273.8138222970883362 44378.7839971651774249 44712.4141344927193131 43712.6745801462311647 44613.1846729732205858 44013.2321223958861083 46590.1984115683226264 45621.9006520583134261 45475.9180693386151688
   -9521.2086044166881038     2937.1074290605902206    -1708.2125568891872263        0.0000000000000000          0         10          4          6         10          0          0        0.0000000000000000 47318.7140565615845844 46632.6415570783283329 48039.4621985687699635 47059.5534736392583000 46780.3212255662874668 47747.9759937456547050 45289.0498239143926185 44041.1958829903160222 44895.7692340947251068 45745.3873965120146750 44253.7295503534915042 44764.0456815869838465 44416.6869088103121612 46418.3379983950217138 45529.1226306460739579 46690.6710443438641960
   -9538.4673297759654815     2751.8683290415679039    -2070.6465878060430441        0.0000000000000000          0         13          8         10          8          0          0        0.0000000000000000 46592.9652776326402090 45939.3320593305397779 46617.3068500845110975 46040.9703480708121788 45721.1406548159575323 45362.5989643561551929 46723.2722445719118696 47170.4179729061725084 46469.8302579539595172 48068.1532575749151874 45590.3169999053643551 47813.0003030187217519 46321.9598500185529701 46727.9677772651702981 45882.5216853938254644 46072.4603063081449363
   -9389.4910387687195907     2673.7246273779032890    -2064.4273940840093928        0.0000000000000000          0          2          2          0          1          0          0        0.0000000000000000 44185.8805433135712519 43180.6388878055586247 45043.4814801557658939 45283.8099009842480882 44009.6214167383368476 44102.0859899134156876 43172.8523234906897414 44881.8748300705774454 43833.4798168622655794 44121.2724722386774374 45876.4836232168745482 46601.5800321761780651 43980.1997198907920392 44255.1173754615156213 43234.5727289552087313 43870.2537617606431013
   -9452.3418452572786919     2826.6237980957339460    -1908.8363646310885997        0.0000000000000000          0          6          4          4          4          0          0        0.0000000000000000 46544.2276203080036794 44579.4269850416094414 46253.2994739292771555 46039.0483394694019808 45713.8661638448247686 46279.3570718652044889 45308.1602403914293973 45940.4143630336038768 46207.0324817619257374 46096.0876934421103215 47204.0604757447727025 45629.8701536680237041 45338.1879478839837248 46837.3549275066616246 44493.6643631776823895 46441.7469605105434312
   -9439.2299534121248143     3008.8823694565348887    -1606.0148422313743595        0.0000000000000000          0         17          8         16          8          0          0        0.0000000000000000 44806.2588371634628857 43080.7555327124646283 44622.3936077002290403 46530.4207080074338592 45381.9149954436579719 45062.3176249723619549 45824.9389415023324545 46222.2395487467729254 45158.2485509030666435 44298.6279132141207810 45329.9729748884565197 44989.6049404832738219 45281.4816801106426283 45305.0216451116357348 45453.9748087537736865 44254.6126449780567782
   -9604.3372412217704550     2535.9578518833523049    -2315.2992907559187188        0.0000000000000000          0          8          4          4          7          0          0        0.0000000000000000 45678.8007369933038717 45158.9140030851121992 46626.8889634233346442 47562.7316612602735404 46900.5075580300908769 45885.0949049916380318 44762.6719577488984214 45258.5981584269320592 44246.0271650503127603 45780.2625584002526011 45271.7990581028716406 46897.6828381419036305 44921.8760562030001893 45950.4307145435959683 46818.9714012888507568 45623.2594221680337796
   -9409.2191225110291271     2485.6005798665441944    -2348.6421416670427789        0.0000000000000000          0         19          9         13         14          0          0        0.0000000000000000 47114.8832011727354256 46660.3047396296315128 45582.3144389479566598 47655.3269922906329157 47557.6584263726399513 47740.8629045849738759 46863.7514197276032064 46914.2282143717748113 47127.9851132657931885 47386.2273562013579067 46344.0030806443246547 43560.6301293946598889 45353.4661127365034190 44517.9101510114051052 44067.5877335714903893 45321.0453758423027466
   -9434.2780120286297461     2873.9831495807989086    -1763.6961462767628745        0.0000000000000000          0          4          2          4          2          0          0        0.0000000000000000 44014.8832277292749495 43498.2116840154267265 46274.8798189933731919 44700.3432652545307064 46293.6594638546303031 45207.4619165808690013 44487.6852821815773495 43927.0360617803089553 43828.7665355308854487 43945.2182249457691796 44796.3281307754950831 42215.2590426766910241 42454.0614423200167948 43540.6408053891354939 43537.0466852909012232 42812.9784675858973060
   -9435.0254941399725794     2898.5736324909830728    -1771.4212833907604363        0.0000000000000000          0          4          1          2          3          0          0        0.0000000000000000 44445.0180016173908371 44841.8607615069413441 44981.5187561008351622 43481.3042487419588724 45430.4035202621889766 44496.4036363778868690 41877.2491734124632785 44877.9542550616097287 46219.7153661264164839 42831.2059433168760734 44014.7072625606306246 45544.8998856459002127 43969.9211406079266453 44283.0210150738712400 44593.9640499215165619 45733.2254036868325784
   -9522.3693448179292318     2715.0293960827721094    -2086.9480224801063741        0.0000000000000000          0          8          6          5          4          0          0        0.0000000000000000 48008.9642425117854145 46509.4222174997048569 47383.2993088629082195 47620.6828862124384614 47630.2118203349964460 46671.8927657955791801 47477.8594143993541365 45377.9433273392496631 46862.8146413123395178 46939.8589785342264804 46727.3186602140776813 45314.3366515685629565 45983.7452272964292206 46118.6869947278173640 46157.5211879196867812 47275.5560684795782436
   -9327.1215662036775029     2675.8938549469426107    -1994.0876857300850133        0.0000000000000000          0          9          5          4          8          0          0        0.0000000000000000 44789.9171896630432457 43187.5076913661905564 41718.2191461904949392 43872.4213800640573027 42878.7441215795261087 42602.6498072302638320 43697.1407017555829952 43783.3359278615316725 44183.1752612514610519 43373.0453282430025865 44747.1700646211102139 45903.9896011858800193 45941.4895670325204264 44472.3730945199131384 45758.7504636285011657 45249.3633634182479000
   -9382.4711122732296644     2839.2769586186832385    -1905.1153277900004923        0.0000000000000000          0         15         12         11          6          0          0        0.0000000000000000 44065.6190660611100611 43808.1888872730924049 45247.4965680920577142 45525.5564474477650947 45003.1057001338194823 45124.9684626420639688 44660.7801481490096194 44464.5350297966651851 45184.2408120055843028 45103.9368729963607620 44073.3621057305717841 43972.5806394845640170 45484.8185788090486312 46080.5587584390013944 44231.8787759023689432 45530.3162259506352711
   -9493.6663279199565295     2565.1138475077159455    -2243.5324945704824131        0.0000000000000000          0          4          2          4          2          0          0        0.0000000000000000 43970.6354217400948983 44736.8983868444338441 43819.1782193412218476 45773.0695788399316370 44247.5378181084961398 45405.4770388919860125 45087.8914135306258686 44611.5347740633587819 45431.5203162644029362 44468.6330553695152048 43193.6494584176834906 45146.1801943017344456 44214.5102770224548294 44598.6726975046185544 44171.1207438807177823 45473.9642955280432943
   -9416.5692485465824575     2608.7706458568222843    -2186.5573895960346817        0.0000000000000000          0          4          4          0          4          0          0        0.0000000000000000 42902.4049267929804046 44171.9610359485232038 43327.9974437993369065 43549.0426867067872081 44673.0246962145902216 44033.3704321764525957 44142.1089936056087026 42578.8034003369393758 44991.4958058632328175 43593.7014650771525339 41794.6327771042488166 43440.4333610782778123 45426.1218526425800519 43483.4285103684233036 44114.4606279392755823 42177.9457554283435456
   -9458.1883649870524096     2336.0296500900244610    -2458.8630990222704895        0.0000000000000000          0          6          4          4          4          0          0        0.0000000000000000 48158.6436509929626482 46337.0375075719784945 46580.7476957111284719 46808.4756004563969327 45032.9103976757833152 45666.7597641299435054 44970.4821104405709775 45482.0794848626392195 46783.3137260417206562 45527.7148282454727450 43166.1695882756976062 46650.9652595972220297 45340.6916778934391914 45138.3714621370163513 44808.9245204179605935 46199.6123678361545899
   -9460.9619714514556108     2139.6196040514237211    -2607.9415129790882020        0.0000000000000000          0          2          0          2          2          0          0        0.0000000000000000 45838.2790155716429581 46520.7863407815893879 44457.1532649400614901 44674.0487429298518691 44836.2947623284271685 44054.8746621850878000 45870.8277870545425685 46761.1449857742845779 45509.0308722890476929 45641.4733966413768940 41835.7274697754182853 41638.0683112051847274 45372.0621433070700732 45004.6898504769924330 44332.7247912671664380 45241.0324835152423475
   -9414.3561070342238963     2317.8427120933320111    -2450.0164556734221151        0.0000000000000000          0         20         14         12         12          0          0        0.0000000000000000 43184.8026481733541004 43110.9760463767815963 43157.3991447526204865 41490.1761326973355608 41907.9781686587084550 39109.6229374078975525 42474.6734406698960811 43177.9020230423120665 42640.4528010665962938 44760.6119088775594719 44419.4033583225391340 43655.5509546597168082 43947.1722338886174839 43782.4997863634634996 43800.8671310334175359 43947.5952699470435618
   -9327.0033722485604812     2295.7108240762540845    -2447.2540999420343724        0.0000000000000000          0         16         12          8         12          0          0        0.0000000000000000 45502.8391983120527584 43369.9061572447390063 43514.6279761552286800 41911.3039922940297402 43659.1210000283754198 44360.9503960988513427 46343.3029051031408017 46075.4632333692861721 44191.2151858908109716 43377.0677577550377464 43225.8559032221091911 44783.5268267837163876 45457.6833192894846434 43633.3685452630015789 45503.5669822076743003 46674.9248881989406073
   -9515.3379305861253670     2066.6365748892944794    -2733.2209791066370599        0.0000000000000000          0         10          8          6          6          0          0        0.0000000000000000 41042.6397247888962738 43661.9448329748120159 43682.5922888611385133 44901.2181143407869968 43025.6249124278110685 43215.6961914434214123 44141.4244770590521512 42832.3572460419600247 42781.1771081943734316 42913.8151662524105632 42134.4918926395112067 44504.1915590747375973 44832.3817169354442740 43552.5706808724789880 42750.5193347678141436 42894.8560990761179710
   -9546.7441897834105475     1984.6829447665797943    -2789.9067317622029805        0.0000000000000000          0          4          4          2          2          0          0        0.0000000000000000 49886.8593936384568224 47521.7036787422839552 48512.9586209899352980 46764.2897894577472471 47440.4209436796227237 49164.4157393368222984 46316.1245432303403504 45410.6085119240960921 46695.3973298264099867 47216.5983351226022933 46392.7427953972219257 47777.3851765661092941 47467.0545943312608870 48562.5492160985013470 48489.2541590985492803 48846.7720040186322876
   -9462.0825807247056218     1933.7555770772498818    -2793.3217505362408701        0.0000000000000000          0          4          0          2          2          0          0        0.0000000000000000 46382.5209594891566667 46077.6976367958632181 46640.4966923465253785 45561.9524466442599078 45118.4366835173423169 45687.2951270376142929 47328.1533018843183527 44826.2274491861317074 46391.9592090124497190 45152.9760369790601544 43691.0071365031544701 44802.5480950920755276 42810.1527883692542673 44779.3845606743707322 42914.3001000160802505 46178.2916218410609872
   -9560.3566614337851206     1556.0701242646396167    -3017.5965983384444371        0.0000000000000000          0          5          4          2          4          0          0        0.0000000000000000 48959.5546881179761840 45999.8487508522739518 48737.7867451273486950 46785.1183189421863062 44066.3627882266737288 44932.5401699708090746 46341.4786625454726163 47648.5848067190963775 45006.4717472621850902 46139.8226964429704822 45730.7513579226360889 47683.7575980512119713 46376.2928559265856165 46304.5036177793444949 47492.6307995737734018 48960.1818681093718624
   -9511.8890530215230683     1917.7630092186809634    -2801.7082305820554211        0.0000000000000000          0         10          6          8          4          0          0        0.0000000000000000 44306.1475563710991992 45615.8461836299538845 46751.7112243109513656 45359.7782635689291055 44936.2361467490554787 45696.7834293669802719 45907.1494143881936907 44010.4542444019243703 42484.9936935970035847 42648.3717521799408132 43816.7204101169409114 43375.9739287414558930 45127.8805641500366619 45473.1332004505675286 43232.9749203640312771 45790.4000701874028891
   -9479.6781758438173711     2526.9474401123475218    -2281.1710320349866379        0.0000000000000000          0          4          3          3          0          0          0        0.0000000000000000 46252.1507704357063631 44987.6857938558096066 44546.1486581666831626 45429.1628422940120799 45698.5989291850273730 45955.8050508815504145 47075.3948519309560652 46193.8052267080056481 45473.1528390497405780 45570.0761557099176571 46333.0657197334003286 46103.5107939794397680 46677.2985515614709584 43700.8304339115347830 46829.5747511922090780 44744.3026887841115240
   -9518.1158310302689642     2832.6063212820999979    -1894.5866320703908059        0.0000000000000000          0         15          9         10          9          0          0        0.0000000000000000 47801.6729364568163874 46477.5784938488286571 46083.4306119331158698 48460.4698432767982013 47108.6678851633259910 45780.4077818906516768 46145.9158992057782598 45596.0427528970903950 46093.6554822608304676 45925.7178925541520584 48002.1272703510985593 47353.7506407505788957 46096.7118397236481542 44039.8113672161125578 45939.1297016333919601 45687.8587379086238798
   -9455.2991820652841852     3093.3848118247310595    -1364.3501680923036474        0.0000000000000000          0          6          6          2          4          0          0        0.0000000000000000 47072.1770505669846898 45819.4542059879604494 45652.2818611848342698 46311.0812245777924545 43745.3392686266743112 45422.3754264787276043 43530.5527447940476122 44392.8233550529112108 45634.9803784084797371 46575.1754365181695903 47279.3003407526339288 47355.8055516291278764 45717.7874297976231901 45625.9970503185759299 46434.6669036056264304 46930.2404563985910499
   -9426.4804276094255329     3175.9798069732619297    -1160.0092212322172145        0.0000000000000000          0          5          4          4          2          0          0        0.0000000000000000 42362.9943536565260729 43926.6397190384741407 41716.3440836911177030 45328.7461938847336569 44709.6946516509124194 42693.7793373776730732 43563.6430304670575424 43207.3708160595924710 42156.2317792995308992 45509.4174282922758721 42702.0467944461634033 43689.4676462403367623 44095.3057541456510080 43860.5670379238144960 43815.3145124154543737 42366.7705449893983314
   -9355.7944225179853674     3217.5923181118168941     -849.2040477664542095        0.0000000000000000          0         10          6          7          6          0          0        0.0000000000000000 43601.0855038304798654 42883.2118765416089445 43754.9486396175852860 42037.6804883357981453 42183.1419560757422005 44038.7475001774073462 44640.9285354145758902 44538.9640458066496649 43033.9159763420757372 43144.9636441623006249 41826.4706645601982018 42286.9515692547574872 41610.9516760558253736 42344.7165081107596052 44638.9607801021993509 45724.8551709382372792
   -9453.9170377437803836     3281.0686803732965018     -859.7698400621192150        0.0000000000000000          0          2          2          0          2          0          0        0.0000000000000000 45007.3986882824756321 45661.6318519793203450 43924.2191551062278450 45670.9327777375874575 43568.6022228317233385 45159.1957018692992278 45506.4096697214627056 44467.3043215590951149 44815.3449569656440872 44116.6348011577065336 44290.3196253098212765 43669.9351053505379241 45112.5275824105337961 44564.9403413909385563 44452.9440734734380385 44030.8821282533826889
   -9487.6424638810040051     3356.7258425793875176     -588.3597003109824755        0.0000000000000000          0          7          4          5          3          0          0        0.0000000000000000 45884.7454888593201758 44252.0574289340947871 44615.5117914932707208 44978.4845249873760622 45982.0464895286058891 45725.4657717376103392 45858.8427676382780191 45726.4938504437450320 45491.7584261661904748 45593.9628910987594281 44906.8637537243266706 47356.0643578660819912 45685.3134255776967620 46343.8377336846897379 46174.8691409928724170 45199.1735610115574673
   -9416.1610719296440948     3380.7043888330617847     -312.9043789540702960        0.0000000000000000          0          9          6          8          4          0          0        0.0000000000000000 48240.0592232859198702 47294.2401336026450736 46703.3184468073086464 45789.0527093137061456 45517.4959486290244968 44282.6121702483505942 45773.2084770964575000 43769.8867076503956923 44911.9589462140284013 44124.7172017395278090 45403.9324202574425726 46038.3501473579017329 45865.3456219118306763 47278.5082227903985768 46412.7724072405180777 45457.2292453394693439
   -9382.7392385108814779     3344.8494664450504388     -199.8425839080394155        0.0000000000000000          0          8          6          4          6          0          0        0.0000000000000000 42431.8894441775773885 41982.5630037129812990 41535.0175376468760078 43844.8316600509933778 44186.6699812138976995 43077.6099529733837699 43474.1626406516152201 44328.6681803494502674 45291.7330348454343039 43105.2847984435211401 43452.6375416414593928 41187.4562023255784879 42204.8616544613905717 43639.8624724342735135 43740.4127016710554017 42655.4981673984366353
   -9577.5522416536696255     3381.8288813401672996      283.0360022337667942        0.0000000000000000          0          9          3          8          6          0          0        0.0000000000000000 41464.3334266704114270 42484.9902320555556798 43503.6518130431868485 43358.1983566359776887 44530.5192675507496460 42890.5788009219104424 43688.4867029966408154 43479.0851763920727535 43753.8114138022501720 43671.4057445042999461 43997.2128339351911563 43562.7482848710569669 43221.3186761124670738 43325.4884204860354657 42515.8435724555238266 41125.9104709691964672
   -9328.4655038843629882     3265.6024300846206643      640.2948877899248146        0.0000000000000000          0         15         10         12          8          0          0        0.0000000000000000 41128.5484750887189875 42463.5692242152072140 41009.1599869131387095 41583.7930397015516064 41661.0935037689778255 42031.8780763618269702 42231.0753738712664926 42592.9256498135000584 42840.2217572298322921 42213.0024818946039886 41891.7621205329560325 41124.6121233953090268 41205.2085524390859064 43720.1179687054682290 42601.6650863781469525 42337.5468664817453828
   -9414.9030622418922576     3371.4336972496766975      344.5679604503247333        0.0000000000000000          0         10          7          6          6          0          0        0.0000000000000000 44740.5716977931369911 45714.0717321216216078 45576.1295234203935252 43515.9616551204089774 43453.8362183409262798 44287.5690908830947592 44326.6557480752962874 44853.5823327889083885 45844.6632307269246667 45198.8952111753606005 44273.2574436613140278 44192.8212038692799979 44018.0566851860057795 44593.8781250763058779 46469.8012133309748606 45664.1544105768407462
   -9233.0993520878746494     3305.2842833169247569      451.4065535996700760        0.0000000000000000          0         15          8         10         12          0          0        0.0000000000000000 43332.5249077821572428 44044.9193798507330939 45123.0878731142947800 43723.8345787576981820 42025.7512464450483094 43326.7458842578053009 43198.7459092573844828 43777.5961643034897861 42693.7485661679893383 41183.6021031712371041 41259.3484871309556183 43211.1586862453623326 42789.5108091703878017 43219.6118678604907473 42004.4014356049519847 44307.1394672255555633
   -9531.7907826148439199     3444.0316645939406044      160.4439857727035132        0.0000000000000000          0         12          6         10          8          0          0        0.0000000000000000 45663.0750691306529916 46387.7301801071007503 46650.6045405006952933 45818.9711346526164562 44983.9927627905053669 44246.5766081999245216 45581.2714873314835131 45364.8964155013090931 45893.4067180895726779 45060.6833651333799935 45661.8966114153008675 46201.4018288994775503 46982.7020155767240794 47196.0474515743917436 47144.3855801198660629 47505.4978961091619567
   -9477.9743618963948393     3337.4054835077185999      617.2914948498871581        0.0000000000000000          0          7          6          2          6          0          0        0.0000000000000000 47403.5329950537998229 47082.0011536481397343 47528.6595727446183446 45443.3809593351979856 47262.9719830091053154 47674.5245865510078147 46532.7183989018740249 46379.4504442612960702 44687.4764782921702135 44750.3740821765240980 44694.7645566744395182 45445.5297881166770821 45720.1486744472204009 46461.8634751483696164 44436.9534967129293364 46081.5000120471449918
   -9547.4625039094426029     3298.1394259192434220      927.9150878117062575        0.0000000000000000          0          4          2          2          4          0          0        0.0000000000000000 46649.2285738381178817 45914.0601345899922308 43643.2297987314959755 47261.4753283021564130 47590.7122466894870740 46835.3294100162675022 44564.5389517726507620 45617.5623979508236516 44754.7337462043651612 45502.9443842179316562 47717.6799573564130696 45496.4713987794166314 46854.8667962864565197 47126.5313622827452491 46031.4278564817141159 46806.2420040165889077
   -9432.5995152087089082     3320.2523591151984874      776.6033271958143587        0.0000000000000000          0          8          4          2          7          0          0        0.0000000000000000 46673.0984018261005986 45657.2113154491817113 45580.3452465505324653 44311.0071480629485450 45491.6175322532144492 45566.3006583165624761 43719.4451079648570158 45184.3904601480389829 45781.5206939092677203 45883.7667573355865898 45758.6355097815903719 46448.0650064240835491 44646.8976421019906411 47258.0926537144114263 46545.8735996865216293 45946.8113929097889923
   -9508.2039990741086513     3354.7253677873509332      582.3587344218058206        0.0000000000000000          0         15         14          8          8          0          0        0.0000000000000000 44894.0829153513477650 45459.5416744035901502 44834.5054833124668221 45134.9577852122674813 45493.5958230250544148 43731.2580934859070112 42620.0300954307094798 44466.2740786644208129 45991.6932216216737288 44563.6975782280787826 44309.7425365456074360 45368.9352773106074892 46530.3802665302864625 45692.0885505431724596 44994.0902962000836851 47350.1310554720694199
   -9550.4116016331954597     3406.2369959545362690       22.1391964409604469        0.0000000000000000          0          7          6          4          4          0          0        0.0000000000000000 44031.4963350678881397 44587.9079051462904317 44889.6721912038628943 44538.5304645045689540 42571.0957798846793594 45127.3931062953270157 44012.7359956673171837 44650.5396119216238731 43557.8329935396468500 44156.7820337209559511 43972.5938964341257815 44345.5992511257136357 44932.9150145484018140 45844.6547389985280461 44978.2718350294162519 44559.9856568891118513
   -9422.4341090356447239     3404.6682250586504779     -315.9412729667083681        0.0000000000000000          0          6          4          0          3          0          0        0.0000000000000000 45832.8882245913991937 46028.2631539829671965 45824.0428341398073826 45987.3466216796805384 46217.4464563825749792 45173.3125910723538254 45090.2797518030420179 45702.8151607158943079 44768.9108294234683854 44163.0368067165036337 46295.3413247952194070 46147.3898595014688908 46535.5206463745926158 44603.6224084781133570 46520.7258623071902548 44803.3536859092055238
   -9425.1150801578751270     3384.8330915023193484     -272.0979304074058405        0.0000000000000000          0          7          6          6          2          0          0        0.0000000000000000 45764.9302593306128983 45371.8504330099312938 46391.6498798001193791 47038.6126978604152100 46120.4603964664929663 44669.5616741178673692 44176.2239851920967340 43627.5376694069273071 45066.1625313727054163 43607.1447726094120299 44409.3289228017019923 45454.5391934603103437 44774.6166732508136192 44393.3201963563260506 45080.9015478893052205 45640.1870426088062231
   -9560.4724273372630705     3455.8087258730256508     -134.7137674370186744        0.0000000000000000          0          0          0          0          0          0          0        0.0000000000000000 45391.0654653140081791 45206.5838281081014429 44780.3472124176987563 45589.9259910277323797 45312.3568543756700819 46149.7849587171585881 44431.9483442718992592 46642.8631484625802841 44394.4443137714770273 46158.4551499359658919 44643.1188210818436346 45501.2289485679502832 45830.0120974700112129 44037.1849789321349817 46257.2822626778070116 46120.3861059824484983
   -9393.7345605118189269     3405.0115359764754430        8.8163774104006354        0.0000000000000000          0          8          0          6          8          0          0        0.0000000000000000 44597.5908093255420681 45186.5425148408030509 44384.9099451930087525 41911.7681227270732052 44580.4191029951616656 43481.6734323427808704 45000.2089372184927925 45527.2286598603241146 46560.3981431675201748 45092.8778226260619704 47360.6440319692701451 45879.4570238597661955 45591.6203196435671998 45481.8925189473739010 44987.0474880899782875 43396.8026191532044322
   -9435.2747685831836861     3315.1221712477595247     -668.8155998529127828        0.0000000000000000          0         10          8          6          6          0          0        0.0000000000000000 41563.2859890016188729 43476.3217490485840244 42464.2553864951114519 44768.0864816382236313 43252.3212990313113551 43126.2399469107622281 43283.2113528039189987 45476.6324090350244660 42154.2201820029731607 41758.6777593034494203 41842.6191627793159569 42955.6728404184177634 43931.7147101143127657 43055.0658179478923557 43027.7709299316557008 42208.1849854350293754
   -9561.4245975097855990     3303.4437248918497971     -727.1414250490897757        0.0000000000000000          0          9          6          6          6          0          0        0.0000000000000000 45324.6957468569526100 45065.9027797360176919 45252.2536925815002178 44984.2883202881930629 43097.1905062111472944 42591.3275187594917952 44562.6815636228930089 46625.0076585035858443 45464.1453754692192888 43890.8749927126918919 45367.5044175688963151 45280.1826066619469202 45401.6348698631627485 45270.2570365381106967 44883.9799817198436358 45968.2836437313890201
   -9404.6284914137922897     3264.3876417009328179     -883.9505826437557516        0.0000000000000000          0          4          4          0          4          0          0        0.0000000000000000 45066.2104588862930541 44201.2029130421724403 45095.1255519252881641 45191.5674125819932669 44947.3409552418452222 45637.3400882596324664 45017.0648115015283111 45711.1382386554832920 44398.4071518379278132 45679.8849132451723563 42912.9301140386378393 45965.6937716515603825 44857.3070322113635484 42934.6538322601991240 43514.0012563300624606 45493.9239050259275245
   -9430.9297574577758496     3283.4296686012139617     -872.6113227054405570        0.0000000000000000          0          6          4          3          4          0          0        0.0000000000000000 46306.9307874491714756 46751.7940410040173447 46351.0819708201452158 45775.1766365608709748 45161.0097696597149479 46247.9244567465648288 46465.0224217815703014 45104.0715377208907739 45715.6637061598739820 45116.1583160944646806 43758.2103989512324915 43750.3216177927315584 45856.8487825973425061 46536.7768609961567563 45708.4071042639407096 45542.6834215508497437
   -9458.6889703355445818     2898.4665632024584738    -1773.6023292062918699        0.0000000000000000          0          3          2          2          2          0          0        0.0000000000000000 44039.9387645455790334 44435.1581164079689188 43868.4445002805005061 45027.9520123802576563 43359.9058878577488940 43274.6402465299470350 44832.3749822424579179 46833.8591779636917636 45930.7974164355618996 43735.8873333706869744 44976.9686402656952851 44368.2572658580465941 43784.8201799215385108 45108.9554346968725440 44728.3722289786383044 44682.8390290891766199
   -9319.6413380682297429     2895.7669958864003092    -1692.5508849936559272        0.0000000000000000          0         14         10         10          8          0          0        0.0000000000000000 46973.0780351906942087 43999.5065392342512496 45366.9851526078418829 44656.1905197773448890 45147.8325418662279844 45296.9228780760167865 45289.1829850545473164 46932.7864974147232715 45082.8204131816019071 46612.3106891776551493 44856.0050328986835666 45587.6931038955153781 43001.0952606875725905 44182.1919642376378761 46637.4399446519310004 44023.2105602028896101
   -9330.6668534860837099     3085.4755764980372987    -1403.9350918846819241        0.0000000000000000          0          7          2          6          6          0          0        0.0000000000000000 47012.3640307898313040 45549.9969249636051245 46430.2762353178040939 45521.6569059357279912 47000.6924307457593386 46721.9983998355746735 44774.4222192525776336 45802.9119163826107979 44483.2694745187473018 42895.4212588699228945 44668.4475042092890362 45864.7525396651108167 45253.1077196710903081 46455.1518666253105039 45047.6213372287384118 46361.7581183977599721
   -9438.5984900312269019     2920.8706087915375065    -1740.6375916108897854        0.0000000000000000          0          3          2          2          2          0          0        0.0000000000000000 44346.6440421387378592 44539.6645660269568907 44215.3040469536645105 44776.3893480133992853 45093.1518445231777150 42751.4908385619783076 44420.5279115987505065 44193.4060942676005652 45146.2761188279764610 45751.0525765691272682 44888.5838813914742786 44541.0023358746111626 46042.3729028958041454 45144.9832118315025582 45114.1558152120123850 44650.8609934994892683
   -9426.1509222190179571     2804.1457247714160985    -1952.3811932049407005        0.0000000000000000          0         13          8          8          9          0          0        0.0000000000000000 46906.2557848614378599 46907.4128225575113902 45152.6658867524238303 46138.3038380928555853 48532.9430335581128020 46908.2729957844276214 45902.2091796774620889 47338.2830787769780727 45511.4162635401298758 47448.1150404179788893 45647.6872030142549193 43969.4722653969802195 45337.3760820052921190 44543.8683856497227680 45578.1135360642583692 46104.7384453881386435
   -9502.5457389346156560     2973.7888278194072882    -1677.9137924799945267        0.0000000000000000          0          8          6          4          5          0          0        0.0000000000000000 48250.6000827093448606 47773.3825968261517119 45827.9269511063466780 46399.2232156827521976 46557.4986698143911781 45832.4238971180893714 46431.3982629237143556 47461.3911205006297678 45931.1545381306859781 46161.7085443035175558 47135.4420105361350579 46649.2390344440718764 46509.7403956201305846 47973.5485842366033467 46648.6534199219750008 46364.4708874359857873
   -9472.1639590655322536     2716.2538285415057544    -2024.2944400316093834        0.0000000000000000          0          9          5          5          5          0          0        0.0000000000000000 47393.3472574763145531 46698.2405574173753848 46052.7421583620453021 46467.5092388124467107 46056.6759496581653366 45365.7465890712337568 47546.2875016913530999 45878.2728920020308578 45022.9058703457703814 44072.5918318569456460 44962.9143175008139224 45531.2799522528584930 45414.8748928198838257 45895.3676497805863619 46073.4621542304448667 46799.2469743255933281
                   Energy                      Mag                                                   F  N clusters    N vorts        nvx        nvy        nvz  N strings  Max s str            <l string>                Correl
