                   Energy                      Mag                                                   F  N clusters    N vorts        nvx        nvy        nvz  N strings  Max s str            <l string>                Correl
   -9494.2729233668123925      640.3566030100110993     3369.3082511270090436        0.0000000000000000          0          4          3          2          2          0          0        0.0000000000000000 50134.5770636508023017 47459.8706529327464523 48990.1412486877161427 48072.5299853951510158 46707.4882064637058647 45462.0920269599373569 48925.6982974989950890 48283.9349308599339565 47578.1621384962345473 47868.9873434498731513 47516.1487755706330063 47958.6031387848270242 46409.2226143503794447 47024.4220240046779509 48639.1356490906327963 48907.4842684937029844
   -9417.0540719185610214      397.8286484042136522     3363.5583743305660391        0.0000000000000000          0         14          8         10          8          0          0        0.0000000000000000 47161.8591562837027595 47244.3061200105075841 45866.3280926100851502 45829.7795936540351249 47665.9625866405185661 47512.2628126365016215 45382.5597040494103567 47200.6311240014256327 45029.0389918645305443 43996.4982712205091957 43125.8497627959950478 44283.4225460630259477 44868.2260092243232066 46892.4820976020128001 47158.5021942300518276 45689.3675662491295952
   -9455.3820957891202852      494.3635463422084513     3363.2718816925130341        0.0000000000000000          0         11          8         10          4          0          0        0.0000000000000000 47239.0586228207539534 47895.3602994454704458 46282.7539961575530469 44498.1356196273554815 47949.9018315634893952 43057.2807270449629868 44156.6477787477124366 45016.8967276639523334 44876.7994428377933218 44809.8645128556818236 46377.9183662761497544 44775.7334821249751258 46246.4618590930258506 46376.3774569983943366 45902.5313088809707551 47308.4243058394058608
   -9273.4520177478934784      179.3663281568491357     3366.9332966279753236        0.0000000000000000          0         12          7          8          8          0          0        0.0000000000000000 42782.8664115572610172 43156.0417647742069676 44300.6161811693600612 43889.3645025089354021 43923.0444371310732095 45095.9366301283807843 42807.4115243876804016 42223.8157300540769938 44617.5377258692169562 45067.8437289501307532 43544.1416675633154227 42250.8084423418185906 43269.1162247532629408 45088.1244141464994755 43611.9736193644930609 41724.9555080473655835
   -9380.3934762189164758      598.2583732440714357     3313.4085195616539750        0.0000000000000000          0          4          2          2          4          0          0        0.0000000000000000 42537.0217447861068649 44094.2659132713379222 44640.1907305687418557 44211.2504478066111915 43131.7301442211028188 41815.0497136642443365 44619.9907348394481232 43834.1402577478947933 42899.3989283640985377 42242.4050042040908011 42088.1024345507394173 42257.5235139049036661 42826.1971494318713667 43815.7177897260407917 44185.1113158175794524 44468.6087302039813949
   -9396.6276865731269936      714.1278399980012637     3280.7457840624265373        0.0000000000000000          0          4          2          2          4          0          0        0.0000000000000000 46950.0340746276633581 45712.3300331683640252 45281.4604931665890035 44657.1585437424437259 45326.2307980778496130 45905.5354457711000578 45991.9491378786333371 45740.9621246326496475 44625.7155128677695757 42901.6090009582621860 44907.0583679379633395 45038.9949200972696417 43813.3324058159050765 47006.0307021877233637 45122.9036878962942865 46647.6591572064135107
   -9417.4539004100024613     1826.2577423651630397     2793.0876250137489478        0.0000000000000000          0         10          4          8          4          0          0        0.0000000000000000 42551.9361451784352539 43062.2440690974908648 43609.6972762245713966 42457.7774822772844345 43644.7020011579515995 42384.4002405840947176 44812.5516600248956820 43003.4894597179954872 43523.8406029349280288 43685.1519090838555712 44201.9030104720513918 42221.7721306215971708 41544.2495395293080946 42020.7165122117730789 42794.0579561465274310 42494.1128568677449948
   -9392.2402370409363357     2222.2826574426926527     2466.1684610111769871        0.0000000000000000          0          7          4          6          3          0          0        0.0000000000000000 45715.7133347730778041 44069.9389156161196297 44636.4861972760554636 45416.6541954962885939 45535.2858031807118095 42819.5273516057350207 40662.2606758261681534 41663.1730177887075115 42221.3036526067662635 42076.7036098825774388 44442.8589546605071519 42464.9277581012865994 42962.8352214092301438 45344.6587877452257089 45388.6508168031577952 44822.7876524897874333
   -9336.7018954388240672     2491.0824971913125410     2272.9190082822919976        0.0000000000000000          0         14         10         10          8          0          0        0.0000000000000000 44079.0338422441418516 43719.5327758367784554 44167.0025276852902607 43139.2381304517621174 43785.9595639742765343 41947.9823070323473075 44013.0257697092383751 44820.7677926595279132 46286.5662225828709779 44143.0329688277488458 42929.9891344267525710 43141.2213185173022794 44141.0109892352775205 45467.3141344911418855 45339.8421119848062517 44395.9384933567635017
   -9457.0293959894370346     1789.4820767177911875     2896.1319183845644147        0.0000000000000000          0          8          4          4          7          0          0        0.0000000000000000 40757.2299591059563681 42793.7409849074974773 43432.1448225745916716 42821.5478433868411230 43403.3193924856459489 42581.5524168294577976 43290.8318054856717936 43731.2774430913486867 43933.4448352652325411 43618.7551402477474767 42208.9251122624846175 43540.3443708266640897 42383.8192088590076310 41766.3331177607469726 43661.3027460137091111 42929.3708705737881246
   -9359.1326504135522555     1610.9070365359459629     2971.0715062810663767        0.0000000000000000          0         12          9          4          6          0          0        0.0000000000000000 44796.9224618914595339 44127.7022484015105874 45511.0698685244788066 42722.7685838607576443 46453.3384262771360227 44342.5518084906070726 45275.5383060848471359 43588.3506635208395892 43593.1684526222379645 44705.4515074536175234 46510.5261880465695867 44737.9425740999213303 45071.4134472011210164 45687.7260053757854621 43698.5988725447896286 43668.1462588213908020
   -9400.8126041595351126     1555.4529830501285232     3002.7306359283443271        0.0000000000000000          0         10          6          8          6          0          0        0.0000000000000000 43613.4530985162709840 43571.4622122971049976 42526.9517473094965681 45978.5028617325369851 44095.4234895368863363 44303.0779920891582151 43738.5139712120435433 44557.8716602708882419 43922.8182236535358243 45707.3485761487390846 43305.9619722239585826 43719.3503911753286957 45588.6263840308238287 44945.4725081226206385 43077.7049044014493120 43073.2809787227815832
   -9391.7055495709701063     1622.5271392306649432     2969.2835268337221351        0.0000000000000000          0         12          8          6         10          0          0        0.0000000000000000 46708.8876775303506292 46790.7058251255730283 44818.5762499281408964 45330.5181529226465500 45892.9087320789403748 46570.0689326738356613 45542.1624754644217319 44493.7263426598292426 44826.3444840959055000 46438.3127492140993127 45327.7772888900290127 43664.4484773666699766 46419.5421115300341626 45797.7803905552718788 46694.5313678586680908 45582.4704309285953059
   -9344.7204007580021425     1279.1570657655001924     3110.5618205951855089        0.0000000000000000          0          5          2          4          4          0          0        0.0000000000000000 42864.5540882822097046 42448.0017660262674326 41482.1036892996198731 41513.8566855579920230 43112.5892111092616688 42405.5531303001334891 43811.7109652201252175 44992.4869725899334298 44736.7044490739499452 45109.8193821313179797 42666.0258718686236534 42722.8057300050350023 44085.1267396684124833 44348.5082237654569326 43552.3443741129740374 43954.4684796457586344
   -9329.8051394324538705      667.1237650138842810     3299.4363967049107487        0.0000000000000000          0         16          9          8         14          0          0        0.0000000000000000 45255.6382480152315111 45768.4144589448915212 45420.0467675345644238 45073.2673521812321269 45450.1067655589940841 45425.0452321004777332 44652.2710456256463658 43570.9002973618262331 43308.2555551913246745 46092.6230457368073985 44079.1615399529764545 44792.8150591855883249 46156.6529527379316278 42861.9766200922604185 43501.3341372144495836 44628.9568610738278949
   -9259.4974793711571692     1245.2129450743043435     3067.8533361822896950        0.0000000000000000          0          3          2          2          2          0          0        0.0000000000000000 40415.2612168044870486 41932.6650690437818412 41053.7581624797021504 39803.5995589486628887 39697.1808757282342413 41377.8202214027842274 40869.2453098658224917 43003.6933794834185392 43257.7563113650539890 41964.2843230004218640 43386.2553351642927737 41806.4028915258822963 41590.3941796572689782 42092.0504736612492707 41704.7223024310515029 40143.6482332545492682
   -9274.8704291023896076     1576.9775910552320966     2961.3500075756073784        0.0000000000000000          0         16         10         11         10          0          0        0.0000000000000000 47702.3344802701321896 45988.4080219186507748 44396.7467028962855693 46229.9544402824394638 43270.7146998749813065 44757.4958412102350849 45775.7536256152161513 47777.2416069197570323 46231.6104030470451107 46324.5054155366087798 44908.4489098881749669 46259.8604662165671471 44739.9076377277815482 45391.0878542596765328 45791.9281623001370463 47031.5694610707141692
   -9356.5078834193445800     1352.1407762945705144     3116.0190934385623223        0.0000000000000000          0          9          6          6          6          0          0        0.0000000000000000 47972.9440299596535624 46281.3005891434586374 47344.3650874089653371 44984.0483110288623720 47713.0312266744585941 46350.5638145797711331 46585.7402867297132616 45461.5520999603104428 45718.7316896540214657 46209.7553421214106493 44318.5967872859255294 45154.8264365371724125 48010.9012345769951935 45649.6347526572208153 47079.7507788435395923 45866.7431692487953114
   -9457.6433162046141661     1205.3258587374934905     3165.5695952300497993        0.0000000000000000          0          4          3          3          0          0          0        0.0000000000000000 45011.5048626109128236 45562.6598404217875213 46795.1142828517840826 45463.7537402335292427 44690.8459163856387022 44637.9481377736956347 44368.7424378914074623 44793.6356639901059680 44584.4392023393520503 44597.2068122560231132 44065.6224254591288627 44386.5060190152798896 45034.6410542568046367 45066.7468419950455427 43466.4068702104996191 45242.2590697542837006
   -9326.7654487784366211      871.9173503136324825     3242.5264799641372520        0.0000000000000000          0         11         10          6          6          0          0        0.0000000000000000 45309.8452531529619591 44403.1713431072566891 43022.7383922787121264 44742.5369730906459154 45946.1197470605329727 44268.4975194232029025 45011.8588850738597102 43800.7273085276538040 44844.1184142358470126 46914.4516580708514084 44415.2105293493877980 41444.4999832260509720 44856.2653988872916671 44685.8257952684652992 44847.5704772435929044 45354.1398862704663770
   -9345.7459248665381892      789.4565320272776034     3252.0788469173508020        0.0000000000000000          0         11          6          4          9          0          0        0.0000000000000000 41363.8608663709601387 42512.7886802293505752 43709.4348540418504854 43956.0125250403943937 43003.1212001705280272 41995.5674157502435264 42009.9454667013196740 42993.8194186998734949 41290.7722013097663876 42238.3585277953388868 43035.8444977502440452 44039.4324581182954716 42633.7906024142139358 41788.3570508559423615 41563.4476237332492019 42185.9043262346604024
   -9236.1878223637286283      800.0329481498437190     3189.5588471264936743        0.0000000000000000          0         17         12         13          8          0          0        0.0000000000000000 41898.8851897422573529 43536.5960675175520009 43363.7412515288815484 41539.4974020262743579 38880.7200995236198651 40488.8887186469364678 38623.7024238729354693 39716.1519263552108896 38617.9688227055157768 37830.7463782428967534 37487.3668940502757323 39010.6652230297768256 43843.4628287227315013 40500.4032531025950448 43604.7487741061850102 42208.5367747088894248
   -9388.8648111224538297      341.9455680871976142     3379.4331017704957958        0.0000000000000000          0          8          6          5          4          0          0        0.0000000000000000 48686.8539877680086647 47447.5060782647415181 47324.2936975837583304 46582.0211070466684760 46574.3312902614998166 46230.3099651200682274 44682.8779764530554530 46220.7866612450961838 46817.3559278186075971 47764.6752270498327562 47081.2773968071196578 45666.6469534609132097 45773.5210157546898699 46667.6678190249294857 46334.3573615860295831 47312.7103848501283210
   -9342.2977483603754081     -448.6450724788581965     3336.6852902472637652        0.0000000000000000          0         13          6          6         10          0          0        0.0000000000000000 45468.5305506096192403 46205.5054179873259272 45988.2594868323940318 43970.9196823925012723 43719.8113208249924355 44885.7616144671774236 45166.0997293248074129 45643.9000548069088836 44914.6690500530821737 44709.0736462637651130 43834.4256530813436257 44774.8283420347870560 45069.0401327617291827 45450.3421262458068668 43278.6669972348172450 44068.9310217325401027
   -9331.4508350343876373     -101.8939409444579951     3372.5942815133394106        0.0000000000000000          0         13          8          8         10          0          0        0.0000000000000000 48322.9503011487031472 46900.8176504322254914 45827.2324662331520813 45791.6014305324279121 48668.7412829535896890 47526.2381157557101687 46292.1642190692873555 45855.7648270916979527 46135.1980623459603521 45007.4377493784850230 45572.0106154283421347 45965.7166976406224421 47336.0304783243045676 45407.6488993016682798 46308.4532006571535021 44597.2727825322654098
   -9327.3771831838494109     -169.2910640390095125     3354.2710300002918302        0.0000000000000000          0         10          8          6          6          0          0        0.0000000000000000 43241.5762771353620337 45072.0857555361289997 44023.3191233957040822 43807.5854625191059313 43095.4183194107608870 45636.2543140734924236 42377.5045311996946111 42138.2597618671206874 43527.5872102336725220 43633.3452964402749785 42962.2406502683879808 42754.6800542726705316 42055.1653974967703107 42555.5832265856515733 42430.9214521550893551 44360.1563850762395305
   -9298.8759411924274900     -265.5448037918598061     3339.8202792138440600        0.0000000000000000          0         10          6          4         10          0          0        0.0000000000000000 45831.5520957046392141 45740.1242310897068819 43706.1090266056417022 43841.2852436497778399 42604.8791105650743702 42766.8779439466597978 40789.5950311326741939 44461.9529760687873932 46714.6849592498838319 45308.7121616231743246 41718.9261857521414640 44735.0105509094137233 44170.1118560918475850 45859.3983043279149570 44944.2492893165108399 44221.7418132196253282
   -9458.2450798766403750      107.8822421733898835     3322.8980850255311452        0.0000000000000000          0          3          2          1          2          0          0        0.0000000000000000 44426.4600805445952574 44206.4062154465209460 43084.6409085793493432 45452.8368551559979096 45068.4547798988205614 45507.6681121550209355 44175.4259746005918714 44316.4915670548580238 43924.3287028221602668 41554.2121756341148284 40185.2793948987819022 42862.3136795612954302 40077.6942876528628403 41586.4809330520001822 44261.7500432461965829 45433.3111374593936489
   -9420.9500042064464651      813.9298630591081292     3273.4158020896506969        0.0000000000000000          0         14         12          6         10          0          0        0.0000000000000000 44977.3720688422254170 45747.7743950078220223 43966.7264309507299913 42180.6458608434913913 42938.8270512993331067 45079.6393249639513670 46327.2240111885184888 44735.5804204704545555 46102.9770637617039029 45933.3759695798726170 45651.6677478736310150 44915.6353000213639461 44427.4439528616931057 44600.4067446134577040 44770.8345753335815971 42985.1167864874296356
   -9361.5134697217308712      977.4691822353063344     3231.1185380665483535        0.0000000000000000          0         10          6          3          7          0          0        0.0000000000000000 45778.8973173007107107 44154.8102534942736384 44844.4219524856671342 44091.9832732076756656 43947.9648311480559641 44055.5769318476450280 45747.8354670613844064 45830.4563123255502433 46257.5133624233058072 45130.5339832592144376 44042.2988510847935686 46093.1930161667405628 46320.7993005561584141 44779.3973101682495326 46411.4740422488321201 44746.3486015578528168
   -9359.3766818615476950      832.2555067273631266     3275.3287128679216949        0.0000000000000000          0         15         11          8          9          0          0        0.0000000000000000 48070.5798411623545690 46423.8763200265457272 44948.6754170120184426 44812.8688035702580237 46237.7299342807527864 46349.2645490607901593 46086.9328298089603777 46825.9260646293696482 45828.0923668407849618 46247.1521811503334902 45158.6614532818130101 45356.5130733335681725 47274.4988914026180282 45477.8179052074483479 46778.5359397635547793 47704.4051866458758013
   -9401.8447985094371688      738.9872150274492242     3301.9848423655575971        0.0000000000000000          0         17         10         10         12          0          0        0.0000000000000000 45631.7200496249643038 44114.9804164712913916 45341.0355783457926009 44492.5082909115371876 43806.9301726881385548 43269.8523397197786835 46903.5871689634295763 46344.0336296928580850 44981.5205810640836717 46845.3598916437113076 45204.1752781872564810 44890.2315914075079490 43760.1389414336226764 43303.1978343523005606 45864.7184412811475340 48016.5243488707565120
   -9357.8769638189733087      872.8468413580628749     3264.0729501547871223        0.0000000000000000          0          8          4          4          3          0          0        0.0000000000000000 46059.3876177441779873 45217.5642115068185376 44833.9767139051109552 44845.4860631825577002 44618.4076801519549917 45927.5943768976285355 45963.9822203325602459 45177.7194068174067070 43209.1571422997949412 44583.3958868433546741 44958.2634075528694666 45898.9273913894649013 45946.3266399108179030 45638.7932056854915572 45496.9645440081076231 45078.6580494129157159
   -9353.9946779824313126      925.1384824125914292     3236.8050680784149336        0.0000000000000000          0         10          5          5          8          0          0        0.0000000000000000 46153.7446954309707507 45100.7045055082780891 44684.1926106923419866 44750.2169963337510126 43650.5826671212344081 43574.1695304646855220 43339.9978767573120422 45182.2325748979201308 42632.7242481573412078 43417.8237722161720740 45496.1335466414311668 42998.8068338293815032 44931.9537414710575831 45103.5044537074427353 45052.9237570922487066 46338.6996662093442865
   -9399.9453751128694421      452.1856581082052458     3363.2610465487646252        0.0000000000000000          0          7          6          2          6          0          0        0.0000000000000000 44119.8973173993508681 45204.5740654816399910 44919.6570985318612657 46419.5831202413610299 45328.8196615688502789 41764.8735189416111098 44622.4675249951615115 44229.0513039693905739 44121.0513632918082294 43292.0827794857250410 43924.0939376269452623 44905.0089506297517801 44223.9912732746961410 43414.1713481559927459 43895.2350721133261686 45644.6785172533564037
   -9330.1890944640563248     -130.5174434577027114     3376.6860991346666196        0.0000000000000000          0         18         14         12          9          0          0        0.0000000000000000 42463.7320222962080152 44375.0213071291145752 44375.1833017652097624 42618.9039472290824051 43929.3661988428793848 43812.3692678706793231 44991.8087208815850317 43942.5936741284676827 42955.8893773088129819 42472.5836400437037810 43422.2106810547702480 44061.4519337449164595 43256.7195489884834387 42861.4737736222523381 43031.6695092939698952 43119.4020066088996828
   -9465.0272648265508906     -378.6756415343554067     3347.1249439898688252        0.0000000000000000          0         11          7          5          7          0          0        0.0000000000000000 43953.3088209082052344 45910.3177451688607107 45998.6599387372916681 43637.4144749412516830 44477.9968405725958291 45334.5234821594276582 42201.6617617338852142 41464.7210844230721705 42092.2241922759349109 41939.4174752972539864 41466.9521637212528731 41467.4741248164937133 43309.9087527963492903 44648.5208546913781902 44307.5722297557294951 44100.1952994956664043
   -9332.2044554392850841     -346.8925771346781630     3359.7901558176936305        0.0000000000000000          0         11         10          6          6          0          0        0.0000000000000000 43325.3459076621511485 44718.8565644691552734 43917.8881955986289540 43722.7464701252320083 42416.6332524242461659 43602.7379923713087919 44835.9040510615304811 45470.3879983334481949 43361.4891922757233260 42734.2413085729931481 44348.3718826249314588 45180.4634894770642859 42183.3691328473360045 43567.6507495174664655 44803.7221906399790896 44849.2126087739379727
   -9333.7970501283634803    -1178.7972993326286542     3125.4644287200258077        0.0000000000000000          0         12          8          8          8          0          0        0.0000000000000000 42933.0781944602058502 42183.1513327741995454 42473.0917471093707718 42599.6842998177817208 43613.3769144944526488 43775.0004380536265671 42442.5393630077669513 42997.3650575802312233 42908.4301613913266920 43366.9967145549962879 44214.4166384159616427 43167.2088528372114524 43683.6756120649297372 44361.7130245820662822 42711.4615723728784360 44689.8240361153075355
   -9414.5456929724969086     -670.2057776089402523     3283.1996261547992617        0.0000000000000000          0         17         10          8         11          0          0        0.0000000000000000 45774.2066931337176356 45006.2562938669288997 44232.7593042177177267 44989.8067780147466692 45027.5867373169094208 45120.9617982200506958 44637.3263383947414695 43330.0483340567734558 43128.2561855508538429 45542.9097774809561088 45155.8175159609309048 44238.1993388967966894 45622.1956766139119281 44058.3114659082493745 45781.0736806237400742 45053.2654214826397947
   -9310.1345229742037191     -258.7608117318753784     3346.8010506546597753        0.0000000000000000          0         10          7          5          6          0          0        0.0000000000000000 45671.0078883385140216 45031.5438731691465364 43821.9942976516176714 43255.6094818346609827 45209.8861742435692577 45019.3213991541633732 44472.3864608235235210 46164.4193634542243672 44525.2099130462956964 43125.5893301317191799 41706.8932636140889372 43522.8731990618616692 43151.4115292464484810 43127.3472882580899750 44554.4931021815646091 44980.5575906961676083
   -9305.8236652476298332      203.6771974145516424     3313.9305974562589654        0.0000000000000000          0         16         12         12          8          0          0        0.0000000000000000 41410.7867667679965962 42217.8042637160906452 39849.1792106839347980 40559.4203919898864115 41085.2674111323867692 41473.6761490442731883 42746.6356615427648649 40799.7727078815150890 43561.3697672086927923 42548.2036237139982404 43242.3525423009486985 44444.7660442093256279 43353.5095248211582657 41878.9532780343288323 43300.0843590000949916 43078.6225108422004269
   -9537.4766295844710839     -110.2807744100914533     3388.5360829840710721        0.0000000000000000          0          7          6          2          6          0          0        0.0000000000000000 44921.8266133204233483 45288.4947597068967298 46009.8779549659011536 46190.2508777017355897 45336.1378921718787751 43217.0103690350661054 44091.4672620624478441 44794.3071204862499144 44851.6255096888708067 47291.6745038721128367 44968.1860305501977564 44265.0697549504984636 43961.6538939085512538 44637.6817763508952339 43232.5518370497302385 44579.3315334764338331
   -9280.0066396044021531     -170.0132604794546580     3322.7673896189166953        0.0000000000000000          0         26         21         14         15          0          0        0.0000000000000000 45360.8182972051727120 46401.8991002120746998 43796.0185486089758342 44061.1608343526168028 41864.9890608533096383 42466.3031665648159105 42970.2944112711629714 44919.8406604712945409 44113.1429803836217616 42722.9354532841825858 44943.2477453217725269 45720.2133675333971041 43641.8167806443525478 44882.1735203975913464 43364.9259070898915525 43835.4014275395893492
   -9348.6791249229281675     -124.9009440212091988     3377.7083721000303740        0.0000000000000000          0         15         12          8         10          0          0        0.0000000000000000 43201.8363882424164331 42276.9862006675830344 44040.0049803895599325 44636.4415991053829202 44054.9383865355994203 43041.6612045552028576 43756.9846800743107451 45591.5159663242593524 44192.8659661061610677 43987.4841173218301265 45036.3901819765305845 43238.1388708165977732 44504.2461657846579328 43919.6711162493666052 43582.3647409206751036 41885.6600021586418734
   -9307.7362310897769930     -655.8032496141458978     3276.0336352042972976        0.0000000000000000          0          7          6          4          4          0          0        0.0000000000000000 44180.3776740675821202 45173.7707756477975636 44228.3693409272018471 43968.7420315519411815 44533.5339184795084293 42794.6198811902286252 42038.0444373684076709 44056.9595306470291689 42452.4550597345951246 45125.7353841968069901 43368.4203308122378075 44303.0278473682410549 45778.9472897814484895 43459.8947775849883328 42916.1671003474111785 43691.4137571665123687
   -9382.3208691507643380     -675.7739408637366978     3325.8138475157879839        0.0000000000000000          0         13         10         10          6          0          0        0.0000000000000000 48996.6244919100645347 47021.9602531111377175 45191.9663024385881727 44129.4529284318196005 45841.5366804237928591 46223.3292571297788527 47549.9999031902916613 47314.6336638166321791 48588.9948163062363164 49848.4488839441837627 47372.2608955748146400 46501.7331637337483699 46510.3913293246951071 46664.4358408974512713 46628.3809108046407346 45611.6411302884953329
   -9286.7086543818240898     -808.8425344363682825     3257.3001463651071390        0.0000000000000000          0         17         11          7         13          0          0        0.0000000000000000 42816.0293603355676169 43714.5699703128339024 43617.9665027347364230 41839.2584710523369722 42720.0999147779584746 42960.4420012772461632 42785.1418159707172890 43132.1145929939739290 44887.1810393612759071 44292.6627965535517433 44500.8923840873176232 43489.0376628006633837 43938.0029345061193453 42470.5204003285180079 43003.4854222821741132 43910.4865426617543562
   -9250.2451385335662053    -1205.4785081191748759     3105.8382700957577072        0.0000000000000000          0         10          6          6          8          0          0        0.0000000000000000 42571.9311137247204897 41920.6326264625095064 41012.6699321757987491 42906.7494270937968395 43377.3578606614319142 42921.7926848525457899 42651.8651703812938649 41490.7876156990460004 43518.7244578185855062 43986.1708122488562367 43469.8490293637441937 42797.5663975718925940 43363.6420555294753285 43937.1813137634599116 43322.2310945987628656 44041.0228764050625614
   -9382.4004287752450182    -1324.1683278528739720     3091.7716555446882012        0.0000000000000000          0         14          9          9          8          0          0        0.0000000000000000 48285.1179534469847567 47100.1529988083275384 44816.1349896947285742 46355.5594263618913828 44385.3069670846307417 43642.8022505830958835 46166.3292722750775283 45485.7351308094366686 45653.6540054392971797 45747.6795342200348387 46254.9712533041529241 45683.0109150183052407 46142.5306786641522194 45749.9727998439266230 45843.7362459610594669 44863.3657004901833716
   -9365.3423968422739563    -1356.5233172468754219     3061.5897489028347991        0.0000000000000000          0         11          7          6          7          0          0        0.0000000000000000 46294.0434923743887339 45962.8181186635192716 44730.7350827499176376 45830.0592560586519539 44426.8914541755366372 43217.8139652184909210 43885.2500313064010697 43863.6641645242780214 47683.5877376412681770 45608.7926728370366618 45640.2581768821546575 46353.4598186260336661 45269.7644305229696329 42792.1405103106953902 43856.3642534053433337 45064.1249357376000262
   -9360.4811330984721280    -1596.9601995738412370     2929.5937233626059424        0.0000000000000000          0         18         12         12         12          0          0        0.0000000000000000 46566.5311044455738738 45395.6010556991459453 46610.6903171407757327 45505.7553168925733189 45715.1034239704749780 44843.5733200416361797 45413.1790665971784620 44674.9172234009893145 43744.0102164799463935 43698.1344379024594673 42328.1593201186842634 44665.3384774276128155 45292.1719492609845474 44238.2429871999047464 45088.0968606215610635 46028.9337447530415375
   -9386.0225744566032517    -1565.2881174429826387     3005.5637303434268688        0.0000000000000000          0          9          6          6          6          0          0        0.0000000000000000 43227.3047015167248901 43894.4326136519957799 45620.3584733409516048 45140.9905371134591405 44127.8223549235335668 44222.4482722110551549 44210.7967837556207087 43579.6182015973754460 43364.3131860785433673 43367.3982027492093039 43668.6072503359755501 44987.8109252271096921 44542.7120199119235622 41412.7002961968319141 44134.3156351099241874 43646.8487983711092966
   -9262.2656999414139136    -1162.1648159513990777     3148.3665630609757500        0.0000000000000000          0         11          6          8          7          0          0        0.0000000000000000 43541.4601422571140574 44358.5901578858247376 43967.3370119692553999 43712.9213514207440312 44023.8626110372133553 45456.0633606201517978 42567.1728899905720027 43713.5736928988699219 42819.0298949687057757 43853.8461821561431861 43914.2778004741630866 44735.6700291098386515 42702.9011147286801133 44663.4441591719878488 43138.4670156960564782 42925.0134256002274924
   -9381.3116663762757526     -629.7977120333838457     3301.0550504278685366        0.0000000000000000          0          8          6          8          2          0          0        0.0000000000000000 47872.8885268761878251 46891.8124197271026787 45452.2523403494196828 44056.1043975752982078 42642.1951534854815691 45429.9116401252249489 43321.7166236068369471 46681.9394950481873821 46777.0010763667814899 47361.6521706424246076 45756.9732054090709426 44919.6340392040074221 47579.9698995621074573 46558.6859702803922119 46325.9374760726277600 46090.7843828510231106
   -9390.1010006773194618     -294.3238216068648967     3362.4685945311498472        0.0000000000000000          0         12          6          8         10          0          0        0.0000000000000000 42131.9948770109549514 41446.9840688628537464 43472.6612136142357485 42619.4455169257780653 45279.3037225854568533 43905.1880261521437205 43933.7857026131459861 44359.4441464784613345 43009.2802713464334374 43603.4844861810270231 42509.6304472938791150 41934.7710827612972935 43328.0921931589909946 43788.4654194644244853 44964.6221544638610794 42490.5802689014890348
   -9420.6226076182283578     -663.6289508832271622     3308.9772263631234637        0.0000000000000000          0          6          4          4          4          0          0        0.0000000000000000 44053.9658679898129776 43937.1329390395621886 44342.0843994003007538 44785.6419854475607281 44498.6975157439374016 44215.2162959032648359 45115.5927919008827303 44464.2648754571928293 44744.9648824769465136 44963.2131599900167203 43330.7243920559631079 42380.4640570246629068 44409.2009305141837103 43735.2785052762847045 43868.4968036685022525 44024.7062816848847433
   -9515.1882868950851844     -453.5552991733673593     3341.5079680950061629        0.0000000000000000          0          5          2          4          4          0          0        0.0000000000000000 45917.7948896825473639 45837.1420309823515709 44707.1712699380586855 45236.6128196715435479 43071.3018335896049393 46160.1513558266597101 44611.8541998844157206 45611.3595119872843497 44181.9934414123563329 46820.7868436593053048 45158.9171662332373671 44435.3839058213852695 44518.6263043572544120 43644.1927656869956991 44822.5957819513496361 45361.9592741015949287
   -9321.7244427651403385     -729.3101456277365742     3274.3022092735882325        0.0000000000000000          0         11         10          4          7          0          0        0.0000000000000000 43643.2583501601911848 42532.4231127480379655 44110.6743020465510199 43232.9585405529433046 43210.4599087702081306 43953.1101595333020668 44480.1945738659560448 43460.3682515235486790 41961.8338286569196498 42256.1025110210393905 42119.9639730328271980 44909.6241252490144689 44316.5659002181782853 45333.4094899557021563 44160.8660685752765858 43356.0518487147201085
   -9425.0731821129702439     -352.4660332697370109     3376.3914375699214361        0.0000000000000000          0          6          2          4          6          0          0        0.0000000000000000 46587.3528806490212446 45744.5589774621912511 46538.4040855989369447 45368.9265405191908940 45425.6439705386146670 44911.7346815096898354 45283.4956889114400838 45341.4365992926104809 46322.0730515274626669 46451.7791032072345843 45522.0598778370767832 46193.4074780183655093 45793.4384953168191714 45069.2557974196315627 44692.2425122169079259 44278.9886517260601977
   -9278.9168464978229167     -220.8045215382627475     3309.3615240692879524        0.0000000000000000          0         26         13         20         18          0          0        0.0000000000000000 47115.7551914813229814 45926.9446224668063223 46207.3850031627225690 46470.3244659415431670 41310.2277455541116069 44418.6659952817863086 45510.9789968485565623 46149.5908821481498308 45384.5300553663182654 42066.7321293992354185 43008.5056848945241654 45353.1466484519914957 39923.5706742020120146 44536.7018776962868287 46487.9646467613638379 46256.8949314359051641
   -9391.1584019540823647     -497.3789898387263406     3330.1873856805054857        0.0000000000000000          0          6          2          4          6          0          0        0.0000000000000000 46927.3352690023966716 45701.3739263944444247 46975.4492055018854444 45568.9253113704762654 44549.1051507506563212 44118.8518537045601988 43977.2922972087981179 42736.5892018752783770 45445.7822280070031411 43334.3341290400130674 47237.1244109311519423 45739.9832440494792536 45614.0991182757279603 45716.6334890035359422 46494.2235063294283464 45195.5352836204474443
   -9274.3959543228393159      -80.4024840734894752     3329.8778497058719950        0.0000000000000000          0         18         10         14         12          0          0        0.0000000000000000 44209.6960481000496657 43197.2577019234304316 44276.5857546949773678 44997.6807087991401204 43123.7953382052655797 44710.2036603985980037 43707.5564031870380859 43825.0109745142835891 42301.0273635540215764 42262.3883569847530453 44827.7343409155364498 44746.2037951112506562 44259.0848676006353344 42318.4577848908884334 42910.9971079681054107 42529.0929241032863501
   -9255.6745222052450117      -69.6410460553470330     3294.5646800580939271        0.0000000000000000          0         22         14         11         17          0          0        0.0000000000000000 42944.2841357113939011 41302.6721500735802692 43405.1123316765151685 41811.9412939586400171 41346.0727638832977391 41742.7917794323220733 43213.2360466332029318 41567.9541105835814960 40306.9046737186290557 41066.0825334959008615 41944.1775555917047313 42471.1448518691540812 40844.7543725816067308 41682.9617898855212843 43704.2184482682641828 43294.4276619463271345
   -9409.1444492189748416     -307.2756003616356111     3373.8817832316940439        0.0000000000000000          0          4          4          2          2          0          0        0.0000000000000000 42121.7870109738651081 42363.7627197834735853 44377.3765584731008857 41501.5362953139629099 43712.3444987772963941 43880.8281923870817991 43081.5156623807270080 41883.8675353520957287 44146.5418023417296354 42057.5634481476372457 43733.0754581133878673 44508.6954928753184504 42901.9875817371430458 44421.4130451261371491 44711.4098869464141899 43002.8188516751324642
   -9352.6424868752019393    -1410.0429654762701830     3069.2262522402434115        0.0000000000000000          0         16         10         10         12          0          0        0.0000000000000000 45867.0721982858231058 44439.9183203616703395 45208.7541700125293573 45022.1998384584148880 43346.6569809776556212 44006.4065759124932811 44414.9324494978427538 45936.3865328131578281 44123.0414348356207483 44629.2566516409278847 44536.5230087663221639 46313.7800509176740889 45168.8535853033245075 45252.4362347317801323 43624.6878738069353858 45435.6038648559479043
   -9273.1667396567190735    -1055.5436148253520514     3133.6188808485831032        0.0000000000000000          0         23         16         16         14          0          0        0.0000000000000000 43502.4051989890940604 42006.3522754346777219 41052.7386373318004189 44511.2798418663805933 43964.6299865769688040 43141.0259614752358175 45410.1465258273892687 45048.7875018323829863 44906.6039886361177196 44152.4972701213700930 42468.8779818366601830 43656.8157653523448971 42678.7269661257232656 41767.5274032029847149 40329.0163358707141015 41026.6434395061442046
   -9388.6516152337353560    -1338.1987054599410385     3090.8113809007695636        0.0000000000000000          0         18         12         12         12          0          0        0.0000000000000000 48271.1615615657283342 47623.1387187497966806 46295.2427613749605371 45161.1054890498780878 44731.1962908372297534 45041.8176148584097973 45511.3427003345423145 43974.7103840735289850 47094.1064805499627255 45059.0470432107904344 46719.9086631470127031 45681.1310638590803137 45505.4299247512681177 44744.9013820482214214 46831.2367609043358243 47171.3641284467375954
   -9392.3585037927987287    -1667.5135159338535686     2940.2032586002133030        0.0000000000000000          0         30         20         18         18          0          0        0.0000000000000000 43984.2895852007786743 43961.8288164171171957 42997.9983334246062441 45083.6963302682124777 43225.4611318589522853 43416.0570528595635551 45123.0657390607011621 43676.2354480792273534 42324.3026381061426946 44033.5721629830659367 45722.4134110736704315 45044.9471108594370889 44424.4930566228431417 44517.9351920898043318 44332.5434538310946664 45082.9754068024485605
   -9384.5472909762465861    -1783.1684689836110920     2835.7835746575406120        0.0000000000000000          0          7          2          6          6          0          0        0.0000000000000000 43308.9006309546821285 42415.9997372665457078 42667.9263926933053881 42072.2856684643920744 43475.0477230361138936 43427.3061957338650245 43836.0377009951334912 45935.2706632102053845 42878.7632055025169393 42662.3681563829741208 42685.2855423715518555 43135.3135612214537105 43975.8972627214461681 45148.5449294470818131 41774.9996073530201102 42803.3273128123692004
   -9397.6901746546918730    -1589.9483346487825202     2965.7385605374724946        0.0000000000000000          0          8          4          6          2          0          0        0.0000000000000000 42604.4570937433090876 41627.9712974995927652 43048.5597592503618216 42880.4003711139084771 43246.0528799150415580 43468.2068274884804850 45579.2317208205495263 44080.3768486722547095 42155.7923548510589171 43541.2655685962090502 42176.7988147651049076 43258.6573665053292643 44015.3267566266586073 44231.3777337228530087 45964.5880331933731213 42641.9219129872508347
   -9313.4492913396843505    -1898.8877955413026939     2732.8189328143835155        0.0000000000000000          0         13          6         12          8          0          0        0.0000000000000000 42484.1557887624439900 41613.7345178165924153 42584.7158154115240905 44300.2578119148238329 44948.1324076647360926 44969.1440636491970508 43758.5540320202562725 42765.3555752586107701 41202.6929506296801264 40828.9835506133822491 41125.9099087496797438 40714.2204073238535784 44202.3288387312786654 43888.3132850083929952 42167.7579258783152909 43934.5014941731496947
   -9309.9361204369306506    -2371.2652459625492156     2308.9488073354186781        0.0000000000000000          0         10          6          8          6          0          0        0.0000000000000000 43727.3613939935021335 42864.7791976898006396 43942.1361125896073645 43498.7348252775118453 44239.0217709333956009 42849.8414369062084006 41398.7457903156464454 42646.7107936406973749 42348.0544807181868237 42514.3515559174411464 44777.8419713816183503 44748.9299271025229245 44379.6697238546548760 42211.4205570311387419 43769.9161205906129908 41317.7149116214277456
   -9269.0303867371621891    -2079.7513823272197442     2624.0179512083768714        0.0000000000000000          0         17         12         10          7          0          0        0.0000000000000000 43734.4220395577940508 44934.7790856212450308 44586.6026098640359123 45346.9167515444714809 44501.7117039193544770 43582.6629011713084765 43324.6383306621646625 41342.1254164992060396 42814.3973268022818957 42877.9483153527253307 41710.6699387683911482 41409.3145753543503815 42212.7216267316252925 41549.4157025395106757 41906.8472789458392072 44270.5351676089121611
   -9385.1734810271263996    -2074.4143886406741331     2687.5873748563362824        0.0000000000000000          0         14         12          8          8          0          0        0.0000000000000000 41584.1563905959847034 42486.4868091015378013 43975.6509580057609128 41677.1006055665056920 41175.6854522206631373 44004.6106833216617815 43981.4184342409644159 42851.4067631124344189 43871.5283686643088004 43564.6092721593668102 44439.2349639166277484 43584.2236654127191287 44256.1234906755926204 43597.2257067395403283 43900.8416946113939048 43062.3505824179592310
   -9396.5804637598957925    -2199.8050849928354182     2539.3163091636392892        0.0000000000000000          0         13          6         12          8          0          0        0.0000000000000000 43302.0965153850120259 43863.7766423169668997 44386.6575638227513991 42352.9103167791326996 42448.1529226072016172 40383.0895501730265096 42467.4951796068926342 43315.5854718828122714 43749.7480849719140679 42573.1193642870348413 42898.6913840680645080 43650.4031139997532591 41664.6082888467935845 43111.3280067535597482 43755.4961477423421456 43456.0524964720243588
   -9437.2781185826461297    -2544.2389032631326700     2229.3925822428404899        0.0000000000000000          0         10          2          7         10          0          0        0.0000000000000000 47059.5444807964668144 45769.8270588866798789 47228.4545967154990649 45956.3810465052811196 46434.6824859473126708 46139.6813212253327947 46987.1055139389209216 45481.6188898447144311 44463.7023132903559599 46797.7807790553852101 44914.1092717763749533 44114.9069357311964268 44050.3469800843013218 44987.7400679194252007 47034.5592360532464227 46228.7597521229035920
   -9457.0483239690511255    -2606.7555276129696722     2200.5370440279025388        0.0000000000000000          0         17         11         10         12          0          0        0.0000000000000000 47089.3173731727438280 44997.3753330718463985 46945.9681802645500284 47045.3214124447113136 47886.1381869980687043 46594.5582013590465067 46128.1781582624971634 45714.7590142265980830 46929.4457556987326825 45820.7683594709524186 47221.6566290772752836 44527.2487618993327487 46557.5873177969915560 45498.8362661061473773 45490.6063905129703926 45599.9922810668213060
   -9368.1257687908164371    -2473.9735224944688525     2279.4791896014321537        0.0000000000000000          0         22         12         13         15          0          0        0.0000000000000000 43829.6092838770055096 41208.6465424929265282 43253.8507273877403350 44815.0240911574364873 41856.8569914130712277 43678.9080062899229233 39504.7447969325003214 40947.6282341325422749 42382.9504616831909516 40965.3544762615201762 40694.2563961142004700 42288.7518261118384544 43434.5425962896624696 45343.2466440137432073 45236.4424865472392412 45101.6578743846039288
   -9324.9017674999977316    -2614.1195615814549456     2086.5408714357636200        0.0000000000000000          0          7          6          1          4          0          0        0.0000000000000000 43776.2517330990667688 44577.4745471253700089 44739.6268925572512671 44997.6993039760127431 44702.3705677667167038 44686.3561613260390004 44793.2494348633772461 44637.0937451575737214 43179.1837495056679472 42644.5289140870954725 40581.4416839903278742 42861.6559260420326609 42884.1422463041380979 42027.6737891875382047 43923.6233937512006378 44178.0210641126832343
   -9226.2141980911073915    -2960.7146421057332191     1484.9936148799997682        0.0000000000000000          0         11          5          8          8          0          0        0.0000000000000000 43764.6821314497865387 44625.7862745427191840 46107.9206680197894457 44239.1964271090473630 40953.4101449378285906 42058.8085341151454486 41262.5110193869186332 41224.2442084233771311 44177.7833443716663169 44324.0805729138883180 43722.1749866247628233 42480.8381377896585036 44231.6701053243523347 43695.2433696659427369 44388.4119987596277497 40748.8437606767183752
   -9400.7042272612015950    -2904.7488794813175446     1761.9090408756749184        0.0000000000000000          0          4          4          0          4          0          0        0.0000000000000000 42496.5316722763091093 43882.4339617571822600 44489.0897755343466997 44512.9603995671786834 44295.3758581857982790 44940.2105295556175406 45003.5925432627191185 43184.9882813539734343 42999.5117508405528497 45110.5461136577650905 43406.4038309959432809 42121.6802341922521009 42654.2735341685984167 42434.1213523033438832 43674.0770144897251157 44610.1922065706457943
   -9391.4452152698668215    -2821.1170859868607295     1874.5170035357252800        0.0000000000000000          0          2          0          2          2          0          0        0.0000000000000000 48900.6038910148345167 48588.8906262954114936 47341.3253641145856818 45506.5816208394462592 47770.8263533272256609 46494.1073448934694170 46729.3553184123375104 46747.7884576207725331 46278.8569665279937908 46745.4945174901367864 46859.8369677359005436 46459.2203624254179886 45545.7622108419163851 45366.3613011691049905 45775.4250395639101043 47858.7258387315159780
   -9352.4254646534100175    -2662.0789911798574394     2090.5669064181493013        0.0000000000000000          0         12          6         10          8          0          0        0.0000000000000000 47167.5566572861571331 44777.5233387063490227 43203.0738058220595121 47421.4188427852350287 46238.9661215596424881 47159.9562696769789909 46413.1073590152300312 46087.3441985168756219 46892.9850568511756137 46386.8868349847398349 45856.8523759378877003 45071.3323649389785714 45107.3567016567394603 45844.6952797300691600 45780.6851194631672115 45475.2940494865688379
   -9370.5228398212766479    -2886.5636090700636487     1813.5976061128826586        0.0000000000000000          0         14         12          4         12          0          0        0.0000000000000000 45916.6492836143443128 45831.8081481371773407 47126.6428614171600202 46907.2611186773865484 45425.8321178321348270 46850.8275679304933874 44865.3220568458127673 45135.4204628981096903 45536.5831092505686684 46707.1161356698648888 46061.8412851692628465 44230.1919975863784202 43898.2248682729186839 45481.0758369589602808 45916.3281702294189017 44584.7826448268824606
   -9373.2976343905102112    -2938.1522830540079667     1661.2450627314910889        0.0000000000000000          0          9          4          8          6          0          0        0.0000000000000000 43444.9905947707666201 44412.4234087574732257 45256.8093586088216398 44222.4517381770274369 45880.2719369481419562 43395.5987992915906943 41485.8165626047994010 43028.6353918191452976 43497.8044555906526512 43165.1686259674024768 43494.9458041998732369 44888.2802380063294549 42667.0538305439040414 42409.1895440398220671 42260.1133051976648858 44593.9945910747046582
   -9392.9533464225351054    -2315.0598594883067562     2410.9652244880617218        0.0000000000000000          0         15          8         12          9          0          0        0.0000000000000000 44448.9162047985009849 43831.6391679031730746 42943.3464017060468905 43212.2716023046741611 46470.2871938792159199 43402.4227236204824294 44087.6698597730428446 44184.0281107572227484 41035.1932614128527348 41755.3804658497247146 43540.9924826191418106 43163.9789622984026209 43858.5837274957812042 44426.9903401462943293 46584.8473873484981596 45140.8059490654995898
   -9350.8616439751349390    -2472.7351492147031422     2248.7205171753485047        0.0000000000000000          0          8          4          8          4          0          0        0.0000000000000000 45616.0170717526343651 45609.3381220274022780 43343.0365786274196580 45904.7583702385672950 43244.7721449851596844 40482.7244064899277873 42750.1315497704490554 43663.5543210680625634 43993.6268310957748326 42425.3757758376232232 45565.1062862894978025 44975.3963633390085306 46337.5227677715301979 46298.2667687011999078 46995.2242162573966198 43604.7163385363237467
   -9241.9988602679932228    -2244.3715411920325096     2440.0835318780355010        0.0000000000000000          0         12          8          6         10          0          0        0.0000000000000000 39024.9921975551915239 39545.6616364571600570 39922.5317899947840488 39435.2206745656949352 41403.4640179005946266 41542.8908804199090810 40447.3270890922140097 41348.1903449153178371 41137.3302625594951678 40667.7427177001591190 40286.9427888585487381 40954.2312540914208512 42000.8131532824336318 41916.0298813550180057 40026.0304296651374898 41400.5471967887860956
   -9360.0983293935132679    -2721.2654985874687554     2039.1418339737094811        0.0000000000000000          0          9          6          8          3          0          0        0.0000000000000000 43775.0275885591763654 45552.0375736378482543 45639.5012206695537316 45050.1326033816512791 43696.6680163388882647 44929.4141984971356578 44665.4251330770057393 43446.2234242510967306 44873.5227585516040563 44287.2830118983110879 44628.7707370933785569 45552.4083440135727869 44299.2589737159141805 45298.8684513134649023 44091.2772591602260945 41625.8927851622502203
   -9319.8451117534023069    -2756.5853195149525163     1931.0165225008624930        0.0000000000000000          0          8          7          4          4          0          0        0.0000000000000000 45377.4164395561529091 45776.7482282715936890 44208.3724815435853088 44617.5019495984743116 43163.2234972200967604 43285.3652421275692177 44774.2898522833347670 43604.3610028438270092 45403.2770303382712882 45660.5523521472860011 45433.4727485890325624 43942.9743591771984939 44158.5386396543326555 46298.6251267052939511 44215.8866164960854803 45166.0800108526018448
   -9483.9249999616149580    -2555.8380884842304113     2155.8002025631790275        0.0000000000000000          0          9          6          8          3          0          0        0.0000000000000000 42845.4875602552492637 42250.8248842424873146 42956.9676065968887997 43528.9471274792304030 41259.2871364734601229 42362.4355249524087412 41096.6209225253551267 41713.2848857334101922 42604.5001607896338101 44369.8887602864560904 44365.4921621256071376 44595.0551644921652041 45510.7380551228998229 43022.7539628951562918 43665.0467709918229957 43561.5750070072172093
   -9401.5642901785013237    -2797.6496509399189563     1959.6706248455973309        0.0000000000000000          0         10         10          4          6          0          0        0.0000000000000000 45755.6688785898950300 46402.1537912654748652 45846.7833062822028296 45730.6848813641263405 43699.6603062080030213 44663.4015079439632245 44890.8776825362147065 44858.2893593913977384 44786.5780617357449955 43891.6186783189623384 44084.0483923931096797 44553.6666166008290020 43736.3158746085682651 46302.7388505331618944 45097.1676823435482220 46120.8936304068265599
   -9327.5226375426045706    -2949.4202418113809472     1625.4291354237457199        0.0000000000000000          0         12          8          7          6          0          0        0.0000000000000000 44112.8785908501158701 44615.4420490022603190 45653.7867976981069660 43545.2863080595998326 44849.8864655827565002 44026.8123703106830362 45153.9558125114272116 44286.4391926134267123 43068.6803562158165732 43589.1697165892837802 45454.7123358695680508 43488.3223558753670659 42874.0003089838719461 44368.1298215757997241 45530.6823896670830436 42692.3789485853048973
   -9301.7856883989425114    -3191.7691424271392862     1177.9677832960396699        0.0000000000000000          0          8          4          6          6          0          0        0.0000000000000000 44139.5427171441333485 44703.8286473536427366 44587.4079547382352757 43754.4002997689021868 45413.9570634396077367 43995.6951060140418122 45256.5524974457221106 44110.2008472234956571 43601.6924513253179612 44451.4771585966518614 45669.5520561579978676 46403.8281686589834862 44994.6925510025466792 43786.8131527419100166 43969.3856976463866886 43548.3661947924629203
   -9283.8702211352865561    -3144.8753690644944072     1169.0343796943673169        0.0000000000000000          0         17         14          6         12          0          0        0.0000000000000000 39566.8312899744705646 41152.3617821795633063 41081.5010760511213448 42814.4164042949269060 42895.2198387177049881 42404.7788377952238079 42241.3069424170680577 41362.1009860188714811 42277.9341794801366632 40015.8679344908450730 42261.1665989257817273 42874.6054416350307292 40638.7325319594528992 42513.1948669029734447 42156.1918424165487522 40693.1337821741035441
   -9405.7203962385356135    -3115.0978424026120592     1355.0053471935696052        0.0000000000000000          0         11          8          6          8          0          0        0.0000000000000000 45666.0679565597674809 45206.4918843055711477 46276.3364932558833971 41994.1080234560722602 43846.5643542320758570 44169.6234292640292551 45151.0637076786442776 45009.1622283754331875 44491.8498386962892255 44987.4386239939121879 45065.3786976117844461 44816.1778756740677636 44870.5315084760222817 45156.8987968582077883 44486.8026682700001402 46772.5362060063926037
   -9353.2611414946204604    -3062.3661762325700693     1255.7772719667195815        0.0000000000000000          0         12          5         10          8          0          0        0.0000000000000000 45268.8958897648044513 45499.5070792618789710 46895.3307076800338109 45320.6319316297012847 43668.8108679687138647 44181.9970062336142291 45778.2571856529248180 44990.9424409295024816 41470.1218865996197565 41897.1331114892018377 41913.3068285583212855 44136.2598869594075950 42210.7345524703850970 42288.7091110078836209 44501.6777913244441152 44152.3453309286123840
   -9429.6974044135859003    -3191.6337300136660815     1150.8804905076451632        0.0000000000000000          0         10          3         10          6          0          0        0.0000000000000000 48394.1802227652224246 45384.1234609420644119 46564.2101024634539499 46028.7704977188768680 48827.9480976931736222 46593.4756696781405481 46794.7117064424819546 44938.5293267867236864 43704.1401792496762937 46963.6535650168298162 46794.2588554708272568 47863.7371394008951029 46676.6256607499672100 47489.7935566672094865 46762.0584925214789109 44873.8428391674970044
   -9412.8516593136155279    -3117.6685774646043683     1322.7458005402831986        0.0000000000000000          0          8          8          0          7          0          0        0.0000000000000000 45990.5456654573936248 43708.0703673484167666 45672.2433572873051162 45533.0270688973178039 45072.7911517696556984 45089.6749922814051388 45174.0846159314241959 45851.3167654176504584 45414.1515472641767701 43568.4122956192295533 44977.3503664338495582 46438.0033822532859631 44242.1857123039371800 45058.2838837760937167 46564.2334033760198508 45921.5834561349620344
                   Energy                      Mag                                                   F  N clusters    N vorts        nvx        nvy        nvz  N strings  Max s str            <l string>                Correl
