                   Energy                      Mag                                                   F  N clusters    N vorts        nvx        nvy        nvz  N strings  Max s str            <l string>                Correl
   -9226.6540694546492887     3195.5353359568198357      948.1477629984111672        0.0000000000000000          0         20         16         13         10          0          0        0.0000000000000000 48555.3620415658660932 45650.6462852616386954 44694.0751774344462319 43430.4294416664561140 44290.2103042202288634 45118.7770444491179660 45122.2570994972484186 47122.5090504115651129 47900.4791645452351077 46459.0612616511716624 46681.5268506081483793 47422.1160843049874529 45154.8537744071509223 44307.0334643341120682 46476.5598567659035325 46006.6107750163209857
   -9277.8663602552878729     3064.1006324612840217     1404.5342119107410781        0.0000000000000000          0          6          4          4          4          0          0        0.0000000000000000 43181.0097346847396693 43845.3946370851408574 44098.2070416741407826 43316.5853746984066674 44647.4291926124642487 43131.3646082722480060 43555.1235613939788891 43392.4832605507472181 44049.5846510788542219 44205.8658426163456170 43031.5667085570894415 44148.2065805183374323 43205.8815903622817132 44048.5432543136994354 44911.8019814455037704 43192.1092431375582237
   -9503.0075286534320185     3295.2237988860083533      863.6666333227431096        0.0000000000000000          0         13          4         10         12          0          0        0.0000000000000000 46581.2904953110337374 44829.5997161887353286 45788.4232734214892844 45982.5911404283251613 46439.7688502992896247 47193.5055230291836779 46242.4299522125729709 45668.1256723698388669 44971.3704269948793808 46628.2507963186071720 46134.6485747565166093 46436.4153049412634573 44734.5367235562589485 45976.2584942766770837 46094.8372894769563572 45494.7126394760271069
   -9351.8075696855576098     3102.1765757503721943     1210.1870130566414900        0.0000000000000000          0         12          5          8         10          0          0        0.0000000000000000 47546.1913375847798306 46115.1868538373892079 46186.2528134109597886 45332.5261542650841875 43639.5592391805912484 44195.9117429334146436 46177.8578782134136418 44674.4979105605962104 42635.2475785376591375 43870.1276289198940503 44651.1335325285399449 44205.1796500552300131 45773.3337600794184254 45964.3471961519244360 46263.8700368907084339 46939.2468128724285634
   -9273.5745191761507158     3035.3951503160733409     1413.9187411623295247        0.0000000000000000          0          6          4          2          2          0          0        0.0000000000000000 40615.1137649780284846 42275.7262182079066406 41323.4494510071817786 41015.8226965712383389 40293.0574461149881245 40860.2883511612308212 40727.7123155213848804 43238.1310210525552975 43147.0205825982411625 43111.2525919286417775 42403.1437976508459542 42562.1087571628449950 43154.5890633705785149 42722.9274236890632892 44024.9936758576805005 41650.0243016129679745
   -9301.5718996053328738     2948.1486532615231226     1539.1492163854170485        0.0000000000000000          0         13         10          6         10          0          0        0.0000000000000000 44404.2531235671849572 43112.8524666235825862 42212.5382442910486134 39893.3813948032329790 37976.3836687765360693 40610.9128438222542172 39173.1059595434126095 42438.0550652321908274 43306.1581050757667981 41005.8260549481565249 41535.5227754705119878 41460.6054179425627808 42215.2125977625619271 42645.8463771267561242 42501.0311044475893141 44625.3197699335723883
   -9379.2679753319862357     2977.0073470699690006     1556.6645151648247065        0.0000000000000000          0          4          4          4          0          0          0        0.0000000000000000 44652.0954378646056284 44985.6243762269004947 42084.3259826400608290 43938.9166071556828683 44461.4996665348007809 46030.4564344666650868 44830.6549895776115591 43946.6026320320961531 45181.4091771773528308 44214.8872398461971898 43846.3071410220145481 45481.0684950499344268 43044.3470118413024466 41532.9281777485884959 43834.3174273596087005 43580.1525198001909303
   -9257.1935048143586755     3062.9964803699776894     1384.6467750017802700        0.0000000000000000          0         12          8          9          6          0          0        0.0000000000000000 44604.9219174927638960 43512.0412981900662999 44637.7620229127860512 44230.4551836922764778 43980.8449578050640412 43256.8437329563312232 44299.7393941972331959 43056.1638729910628172 44811.9593151178341941 43499.0266865504891030 44942.6335484649971477 44484.1419625258131418 45520.2246280386389117 44949.5802839799725916 43134.3315086939692264 45007.3135775137488963
   -9358.5436121092006942     3150.5921971868797300     1272.1002239211920823        0.0000000000000000          0          0          0          0          0          0          0        0.0000000000000000 48090.1799809855874628 44850.3583919026423246 45462.7311846814627643 47321.7757421785427141 48150.6468708102256642 46679.5899222811858635 45886.4361446087714285 47646.7491683024272788 44079.2152417836841778 45536.0439268376358086 46539.6626261306009837 46092.3453172618028475 45400.1705096381483600 46941.8281215858005453 47172.9440755630712374 47289.2097766110091470
   -9354.6424257768794632     3000.0271010489873333     1420.0363465768675724        0.0000000000000000          0          8          4          6          2          0          0        0.0000000000000000 41933.5451959806960076 42302.5420161092260969 42374.8245669227762846 43818.4053195141896140 42730.6571141544336569 42549.9108174415232497 42014.7371206803218229 39346.0239328104507877 41920.9592008501495002 38209.7192416130928905 40257.3497091239842121 41896.9619991955187288 42638.8003928766556783 41235.9118394760880619 42554.8797628579050070 42861.0898766900936607
   -9394.4841683670492785     3191.9385959884903059     1179.9420555996009625        0.0000000000000000          0          8          3          4          6          0          0        0.0000000000000000 43329.3967569620144786 45312.3138381145254243 44263.0379420286335517 44147.9049649966254947 43709.3954079723625910 43545.7506414802774088 42875.1860249122619280 42479.6047027693130076 43626.3803026709210826 46138.8316594256830285 43180.2183633459280827 43856.9325563320744550 45085.5227507811141550 45527.3831806810048874 45240.4849304760718951 43959.3986736069709877
   -9387.6914296447430388     3061.7102427039549184     1260.6729313068954070        0.0000000000000000          0         11         10          8          4          0          0        0.0000000000000000 49786.0571817330055637 48372.3863379826289020 47063.8833744374715025 43834.6493574595879181 42424.3424516854793183 40128.9209797285511740 42859.5744609282191959 43676.7304193971067434 46454.6357225765677867 47387.5809792301224661 46548.1595258147499408 44803.0598234203935135 46296.2261588137844228 47884.1807085362088401 48439.7527097587517346 45838.7392907743123942
   -9328.2286516829935863     2817.7814417041431625     1868.0684229153894194        0.0000000000000000          0         11          4          8         10          0          0        0.0000000000000000 42697.3619586570275715 43955.6886699936512741 45580.3846558013829053 44542.1873316834389698 44125.4234036342095351 44532.1408771689020796 44416.5066631131339818 43395.7256726108971634 41444.0260105885245139 45290.6164692956299405 44117.1187377769092564 44180.6726135690769297 43314.5777963543660007 44038.1025830089201918 41400.7768760230101179 41534.7350783855727059
   -9383.7099200085085613     2715.3074620754241550     2057.8811325605470302        0.0000000000000000          0         10          4          8          8          0          0        0.0000000000000000 43306.2824271766367019 44081.7908565835678019 44020.1660235950039350 44875.9955520046351012 44337.0912255534058204 43923.1560870141620398 43770.7266657432628563 44126.1674205173767405 45450.3007829570997274 43805.7626428118528565 43953.2954178362342645 45474.2618741596452310 43268.4202389967467752 43157.5134402752519236 44330.5840023377822945 45509.2094926211357233
   -9264.2285340178859769     3011.2658759208479751     1455.4906070382032794        0.0000000000000000          0         17         10         16          8          0          0        0.0000000000000000 44099.2612374619566253 41710.5313019574386999 44776.4674104139994597 43876.7780212095967727 44916.2276227841357468 44507.2023272426667972 42860.0851995101911598 43572.5030588514055125 43328.4457767616768251 44520.8336028457124485 43929.9592264903476462 44163.9355182977160439 43331.5973934145004023 44275.6626777615747415 44231.2836736391982413 43302.0384844473737758
   -9304.7692799050983012     2748.4037473247876733     1865.0095759619780438        0.0000000000000000          0          0          0          0          0          0          0        0.0000000000000000 43771.3984915540495422 42584.6343027882248862 42969.4529745475228992 44913.3135338707434130 41507.1230445390610839 42567.8400700723068439 44118.6155665194892208 45358.1478073515536380 42890.2882684155483730 42981.9904670615433133 45145.2058272199137718 44338.8154253344546305 43576.7642211420825333 42717.7425129358016420 42166.5200748704373837 43290.9613208939190372
   -9388.6269443561468506     3063.6023875936925833     1441.5566831537523740        0.0000000000000000          0          4          4          2          2          0          0        0.0000000000000000 45497.3623721759358887 45898.0662573703812086 45486.0438227552585886 43260.5362098069017520 44332.6051345186060644 43693.4081551688723266 44148.5029269993829075 42094.7516482274586451 45397.2158148966263980 46228.4005671446066117 43987.8421341564244358 43867.6793626496073557 43038.9007274442192283 41846.2573559552765801 42199.8245015607972164 45400.5343888154384331
   -9370.2942478247096005     2935.7362023153514201     1529.1768133023713290        0.0000000000000000          0          8          4          6          6          0          0        0.0000000000000000 47988.8232419617270352 47246.5775325364957098 44117.1866947918097139 42649.7729714223678457 41523.7452256847318495 37101.8549645844032057 38299.1676859646540834 38430.8200328310340410 41586.9691407625505235 40951.3372936549276346 45255.0159392063651467 43659.1689974761829944 42950.9621677767718211 46666.4961393044723081 45210.2419716722361045 46460.2506833398801973
   -9367.9833133395895857     3210.9784882482604189     1050.0167838774204938        0.0000000000000000          0          6          4          3          4          0          0        0.0000000000000000 47869.3948021382238949 46948.9510201625162154 48335.6241553662766819 48230.8085758925881237 47723.0060540201448021 45777.2582067494440707 44570.0368334758823039 46737.9964950503126602 46139.7596400871843798 44109.9373009218907100 43091.3430567855248228 43291.4173829523497261 46032.3822370451816823 45172.6454805405810475 45525.7513649728643941 46649.3646880701126065
   -9360.0157135271219886     3104.2477671047076910     1330.3792072043381722        0.0000000000000000          0         11          8          6          8          0          0        0.0000000000000000 43372.1151015394862043 45313.5280609768306022 45016.8011977999703959 43402.0763072839909000 42957.4379844930081163 43937.3573954898602096 44830.8546632854122436 43699.5608682868332835 43829.6689028139517177 41647.9359879608091433 42823.2109992626064923 43646.1294782666664105 43581.0950750887932372 43880.3492453232902335 43762.1502063372099656 44335.4088764685875503
   -9291.8074929647355020     2807.1130365492508645     1846.0580853885910528        0.0000000000000000          0         12          7          8          8          0          0        0.0000000000000000 43978.8624208552209893 44336.2973285934567684 43569.1868606997377356 44615.8984460564679466 44323.0740879602672067 45562.2526411818398628 44812.2186607904659468 42363.9225506120274076 43755.2345443969679764 44913.3029626601419295 43289.7054997611194267 45222.1718146786588477 44750.8455489909465541 43406.1773308851261390 42661.7283677639497910 42936.5920766463968903
   -9333.0368736176860693     2732.7192486971111975     2003.5588157361153208        0.0000000000000000          0          7          4          6          4          0          0        0.0000000000000000 44467.1326902982327738 43729.9849793501634849 43021.2300265690864762 44155.0901615575712640 45732.3446713818484568 44138.1044788725412218 45231.9374178762955125 45555.9791862095662509 45401.5187627287959913 45390.4846831771355937 44624.4711447595764184 41997.3696269823922194 44480.6278301103448030 43921.4602478156739380 45078.0397487155350973 47560.1113198693710729
   -9305.0210853077987849     2920.6201501500004269     1635.4184372913641710        0.0000000000000000          0         14          8          8         12          0          0        0.0000000000000000 42376.6430803350231145 43370.1837271238182439 44677.0431601868185680 42093.9442257173577673 42038.7743080864092917 44296.8024567114989622 41998.1946170591618284 43040.9180185886580148 42689.2202994026956731 41754.1782261223124806 42687.9992544159322279 44226.7949696201394545 42538.4319792437891010 43155.4153637983836234 44584.8762368355091894 43532.8915196673406172
   -9332.8095923132641474     2963.5361068472411716     1533.5970194788089884        0.0000000000000000          0          4          4          0          4          0          0        0.0000000000000000 44487.7648689653287875 41497.9489458408133942 43399.4572711887449259 43271.0183280360870413 45353.1688427717963350 45922.9883499311836204 43919.0526526082030614 43634.8542557527835015 43947.3301820027190843 44602.4412158088380238 43882.6655061647761613 43727.3627669381967280 45487.5713850156316767 42808.3619758495769929 44444.5736977639680845 42948.1114836788256071
   -9413.1244928882188105     3142.4567571885486359     1197.3523248985370628        0.0000000000000000          0          2          2          2          0          0          0        0.0000000000000000 41428.7194045268915943 39378.7327616463735467 40067.0668933830311289 43615.2611111177684506 42284.7357609140308341 42719.8611134186430718 43747.0059986238557030 42932.9947686646264629 44425.8684298808511812 43318.0661759806171176 43058.8753814286246779 43479.9286736497961101 42811.9687222291540820 44627.4526352709581261 42996.7170299358622287 43580.2674267522597802
   -9332.6873741459385201     2841.4309830567722202     1763.4824617780036533        0.0000000000000000          0          8          7          8          0          0          0        0.0000000000000000 47732.1128386549535207 45889.5716649382738979 46706.8332553783475305 45196.7219484285451472 46532.7606797653716058 45158.1430846240982646 47005.1717576068622293 44915.0709556062502088 44123.2069834337089560 44466.7725495617632987 46304.6777796933965874 43484.3659060120407958 43798.7104522045337944 43847.6250191352737602 46262.2784066958120093 46099.5406730140530271
   -9341.8354566580219398     2795.0947250876738508     1857.1175007378144528        0.0000000000000000          0          6          3          4          3          0          0        0.0000000000000000 44635.8433358014444821 43551.1776383842152427 44538.0606225041192374 45966.8559114389499882 42995.1900289240293205 43700.6128476336598396 43007.6395208361063851 43111.5606877308673575 44539.6858475307526533 42657.2044502974822535 44485.8467140312131960 43734.9729676406568615 42386.8613169790696702 44628.8953901247368776 44665.1763709487204324 44399.7693163222866133
   -9453.4224836576013331     2738.0891593682790699     2037.0582387496331194        0.0000000000000000          0          8          6          4          5          0          0        0.0000000000000000 46349.6110872017015936 45598.1269023394343094 45491.5133726790809305 45317.1296647101989947 46988.4824596781982109 45080.6606557235427317 46459.1405311956987134 46366.1163959201221587 45461.5976679594314191 45877.6812468942662235 45879.3688646604932728 45253.8996159732778324 46833.4009710902464576 46372.8154334652645048 45628.2960735351807671 45524.1955820885341382
   -9272.5499722812401160     2901.0561379299429063     1652.4517384220107488        0.0000000000000000          0         19         14         10         14          0          0        0.0000000000000000 44822.3224924592796015 44629.2200559445118415 43907.6110447642640793 44300.8669038034422556 44146.7647939114176552 44347.1699921060135239 44745.0743614665334462 44050.5743143166619120 44406.1554461645500851 43475.6437662355237990 44277.1887187776737846 43829.2523522319243057 45496.2692101991851814 43814.3217871957531315 42643.9462444063829025 43924.7602232132849167
   -9285.4959749573572481     2768.3121768045125464     1836.2903880045264486        0.0000000000000000          0         12         10          4          5          0          0        0.0000000000000000 45768.8454347305232659 45783.8838070849160431 43493.7591121824880247 42842.0328438788274070 43722.6041170582757331 43732.6003408355027204 44489.3856590735158534 44885.1918436964988359 44343.6910719955485547 45353.1400284383489634 44970.0757907004808658 43951.3977920035467832 43970.4954181765715475 45792.6722844079122297 43726.4247294475935632 43493.7577232495314092
   -9177.8003592627064791     2844.4385983514425789     1747.6165461477398821        0.0000000000000000          0         19         15          8         14          0          0        0.0000000000000000 42731.9837910521309823 45120.9970744921956793 44025.1571429683826864 42948.6922837768142927 43254.9367102089818218 43469.6892624783358769 43785.2562347951825359 43581.3887558404458105 44399.0702762411383446 43308.8997212495596614 41826.0733367280918173 41630.9290056168974843 42638.3845907622016966 41726.0766315523505909 43085.0692724422842730 41680.9083693570573814
   -9328.0650131873226201     2610.4633655725424433     2158.2708963410987053        0.0000000000000000          0         18         14          8         13          0          0        0.0000000000000000 45342.2366616130675538 44947.5453069398572552 45074.2111254977062345 44567.3269510248792358 43451.1065235964706517 43549.3667487026905292 45951.7739621696528047 44564.6057768974860664 45212.7874388921627542 45907.8119849120557774 45368.5815498040465172 46198.3162279105672496 45119.8311507230027928 47050.6203262418712256 44440.0255161081149708 43258.6625187587633263
   -9223.5093492992582469     2329.0694118152796364     2406.4453127254041647        0.0000000000000000          0         15         14          8          8          0          0        0.0000000000000000 45119.5447248436321388 43235.8801074902730761 43459.4672320545214461 43581.1904354571961449 44822.4968474189663539 44171.0531528015271761 44172.7537170268187765 44453.0863910169573501 44137.0461859547576751 44395.3131540488902829 45280.2095281797955977 45783.9363114420266356 44319.9754786790726939 44110.3792504058365012 45245.4409137794282287 44771.1898144914375735
   -9344.4623978505496780     2675.4523697068075307     2113.2733437505798975        0.0000000000000000          0          4          3          0          2          0          0        0.0000000000000000 47613.7751107539661461 45277.4419605368748307 45700.0038889986462891 46043.9625293229255476 47484.1116484592057532 46986.6228655583690852 45864.7482816572737647 46035.1009260579739930 45378.7730706078364165 47269.6829604814411141 46066.9571173335352796 47124.9588216938282130 46348.2740846705273725 46515.0150202459190041 46273.5877823046175763 47726.7273791898333002
   -9318.1345188256455003     2562.9078394000966910     2124.2181362790220192        0.0000000000000000          0          8          6          4          5          0          0        0.0000000000000000 41804.9591029459843412 43257.8276209328832920 43021.8721097457382712 39482.9334869560771040 42229.4233031164840213 42747.2572874269753811 42498.8597997706092428 43215.3767363333536196 40458.2492260450526373 41795.9880558293807553 40626.9461353715305449 43281.1329611179025960 42144.6379884861962637 42991.1339910429742304 41735.0284765037213219 42770.1650476621944108
   -9343.7336889575599344     2511.5489024306270949     2161.9421436417064797        0.0000000000000000          0         10          8          4          7          0          0        0.0000000000000000 45344.3852338102296926 43022.9860304620815441 45942.8582293770159595 45735.9152072290016804 43970.3855151305469917 45620.1515002490923507 42656.8594073408821714 42913.8700917020178167 44474.0706164762959816 42282.6931043078075163 42687.7587053194438340 41122.5529481021512765 45623.3875469168997370 42440.8672897268843371 44247.1882247837347677 44236.3007471295277355
   -9322.7760490217224287     2492.7570110484198267     2294.4400704773556754        0.0000000000000000          0          6          6          0          4          0          0        0.0000000000000000 44259.2109860198615934 44504.2109143493507872 43078.3476749763649423 43327.5611208367918152 44902.7610615815938218 45297.1873000485793455 44290.0287806273845490 45184.2854145237361081 44748.7477837238329812 44426.9062191692792112 45127.5268149367329897 43627.0249862680357182 44635.3987590720789740 45826.2821674629376503 44568.2923762693826575 44921.3847655599820428
   -9262.8065082011908089     2237.4228126126522511     2531.1922605391760044        0.0000000000000000          0          6          0          6          5          0          0        0.0000000000000000 42690.2852813649660675 43766.1055090995650971 43550.6503514454234391 43825.1704354348330526 44367.1118366788723506 44924.0380219578437391 42439.8820420175397885 42555.7645061531220563 43530.5989136120988405 41401.6533180475744302 42796.1108274748548865 43877.3376991740078665 43686.0381891205033753 42852.7388716768182348 42291.9801902578474255 43273.1295385010453174
   -9150.2985003429403150     2355.7164088515869480     2307.8655166826047207        0.0000000000000000          0          8          4          5          0          0          0        0.0000000000000000 45103.3826596178259933 43821.6365049692976754 44014.7928581367887091 41812.7913065168249886 42074.5103845138073666 42634.9280694917251822 42375.7274425998039078 43949.8261518386862008 44559.9812436067004455 42220.0083008419314865 41768.0770348871446913 43843.0564627947169356 44390.9538741729265894 43381.9091699027849245 45525.9648087147797924 45382.1250448812497780
   -9386.6039670818372542     2794.7090347012490383     1927.3532814381785556        0.0000000000000000          0          2          2          0          2          0          0        0.0000000000000000 46311.3352111700150999 44523.5236627813283121 46046.0826519390975591 46387.3796655912810820 44329.8394450139967375 45957.0465880532719893 46243.9465342084295116 47121.8188857754503260 47435.7348443911760114 45878.8785172532880097 46458.7339044024702162 45342.2010052584737423 43413.1680762044197763 43297.1362290249089710 46499.1081454533705255 44734.9532074650996947
   -9339.5655427143246925     2508.5000395519359699     2196.3386065835752561        0.0000000000000000          0         20         10         16         12          0          0        0.0000000000000000 48308.6446963882772252 47043.6720333988341736 45883.0046233327739174 47871.2848436085769208 46388.2657433051354019 44572.5426126231759554 44600.0113379034446552 44272.3047150636703009 43747.0599229375293362 44688.9317101448614267 43673.8338469456284656 46126.4793243414678727 44374.4547097081958782 47197.5455042913963553 46109.1754751007829327 47910.6893959021836054
   -9299.5632614133810421     1991.0989557711891393     2734.7268209019148344        0.0000000000000000          0          6          4          2          6          0          0        0.0000000000000000 44789.7073005953061511 45037.3020711685676361 44073.7539658244932070 46205.4252139124728274 45833.6849071063261363 45184.1568808903903118 44578.9879490824969253 43736.5059894443256781 43665.8664194709999720 43883.3080939646824845 44725.3520387166645378 44886.1319496827709372 43386.2293297184878611 44510.2729193551786011 45994.6872021771268919 45378.9473917308932869
   -9346.8168177229345019     2013.2752548027031025     2690.6885835739180948        0.0000000000000000          0         12          6          8         10          0          0        0.0000000000000000 46695.1071065997748519 45886.6957239725452382 44496.6408797127514845 45967.1113609007152263 45217.3347573663195362 45994.6436307556214160 45140.9874081269808812 46263.8437215136655141 45190.8513365802500630 46064.9978776113202912 44797.7949643710599048 43395.2083705269687925 44283.2440385389636504 47017.4962646506828605 45044.7307375222153496 44102.2003761548767216
   -9281.3114672453393723     2338.0576947064250817     2377.9102098912157999        0.0000000000000000          0         12         10          8          5          0          0        0.0000000000000000 43566.9484724403737346 44278.7250840666965814 44985.2253933026804589 44187.0035375882143853 41198.8933653774147388 44179.3232088284930796 42248.5032081661483971 43125.8902464182829135 43540.6796041361230891 43667.6185315363400150 43144.2569097730083740 44187.5647831134992884 43961.8824735983507708 44674.6955212614557240 42253.6226682453125250 42195.6241723846615059
   -9306.9944004439894343     2164.9729573589956999     2601.4539180787446639        0.0000000000000000          0         18         10         13         12          0          0        0.0000000000000000 45506.2286362700833706 46719.6343737495044479 44642.0607217419383232 44129.3823005981248571 44486.1994518100254936 46258.6055342903127894 45747.7701226397475693 44607.2653066011916962 44564.3150926708185580 43342.4539745720103383 45145.1478327414661180 45301.2011564792483114 47589.1856660759513034 43436.0468543355527800 45334.4008543899108190 44848.3466365904823761
   -9259.0443766183616390     2193.6145112348872317     2464.0747471753024911        0.0000000000000000          0         16         12         12          8          0          0        0.0000000000000000 44365.1273714178241789 45559.2121571569150547 43146.0401110283564776 40621.0034701227123151 42599.9078958588215755 42987.2221767176743015 42095.1318601682287408 40076.5438182073485223 42579.0950938245005091 41851.3680898062229971 43423.0404155170836020 44175.1268585429206723 44174.6237633587443270 43563.9241477202158421 44023.7312421114402241 44904.3500875707541127
   -9285.8649008957108890     1878.4006746137079062     2772.2945232774250144        0.0000000000000000          0         13         10          4         12          0          0        0.0000000000000000 46361.2553819848544663 44432.5080487617087783 42688.1682362807041500 44687.6558374143205583 43805.8315723682899261 42570.9752198611386120 44240.7860779969923897 43127.6220371367817279 44096.8441363398451358 44296.1179060250797193 46530.4871478258864954 45153.8863212872311124 44273.0662926830555080 45258.1529324192670174 47367.6724491489731008 46514.3731130748492433
   -9231.1474605235143827     1724.3072392288286210     2827.0772640447175945        0.0000000000000000          0         12          4          8          8          0          0        0.0000000000000000 39175.1127394002251094 40649.8816173170198454 41989.2478189495886909 39501.6994492684461875 40132.0875419159565354 41981.0788842501060572 40991.0181209583097370 42305.6364696120363078 41572.4656025992153445 40432.4298951475720969 41158.7617304742307169 41834.5572039058024529 40001.8189558734302409 42939.8153222857872606 41032.1887517769719125 39721.8651257449091645
   -9253.4410529059205146     2178.2173854007392038     2558.9243854236069637        0.0000000000000000          0         18         13         14          8          0          0        0.0000000000000000 42884.7919121660816018 42838.0776412196137244 43407.6551237681196653 45241.0180586509231944 45269.9593840689703939 44419.7465698892629007 45192.7071842926961835 43564.6015935068717226 42146.7118754402326886 41857.1254877575702267 41839.8348146538191941 41407.5799279990897048 41642.7265670990891522 43317.1287092489437782 45149.3012179403885966 43802.5867892667374690
   -9423.8321247341973503     2364.8480095926070135     2402.2806894989257671        0.0000000000000000          0          6          2          4          6          0          0        0.0000000000000000 46566.2140916274220217 45752.1412936122505926 44444.1316307040979154 44588.1832135085714981 45978.4563184742146404 47877.7396623565873597 44872.7759629567663069 43385.1790082592488034 45177.1608410089829704 46088.0798843135708012 44718.9331785861286335 43636.6134625015110942 46531.6337527500727447 46180.7850211918557761 42500.5226176075811964 45141.7396638496138621
   -9285.1160261759177956     2798.9112034403447069     1875.7020484431386649        0.0000000000000000          0          4          2          2          4          0          0        0.0000000000000000 44924.4114023826041375 44717.8782445485412609 44619.8088760111422744 44519.3967597848459263 44861.4116019624707405 44596.0618341323570348 46643.6708121604533517 44372.8021578964180662 44654.6024908687031711 43719.2680953488961677 43821.4236513235809980 42835.8486235709569883 44743.7003376648790436 43259.4367141800903482 46398.9411453867578530 45220.0317844650271581
   -9294.3552594626344217     2856.7097253852061840     1755.1456042351476299        0.0000000000000000          0          4          2          2          4          0          0        0.0000000000000000 44736.1659913268304081 43920.6354583036154509 44203.6529304256982869 43286.7841548053838778 44089.2145927885576384 44041.1020110421304707 44063.0387476880714530 44281.7519679722245201 44715.3247659448679769 44178.4432076724842773 44571.9133151181522408 43118.9482770080649061 43470.0007385921271634 46333.7430565645627212 44632.1515712024265667 44326.4288499741669511
   -9364.4417692324550444     2828.1490123318203587     1840.0856111786260954        0.0000000000000000          0          6          4          4          4          0          0        0.0000000000000000 45132.3398131310532335 45184.8632067235885188 44271.7498274097524700 46699.4188665075707831 45250.0834865443830495 45047.1188660431362223 44653.9961097199702635 44584.8498900545673678 45269.3658621085196501 45028.0192526535829529 44061.1111316039532539 43509.4471261146754841 44304.2266143195229233 44420.1270163049339317 44259.7014344018461998 44574.4239983782608761
   -9350.6226405800753128     2782.5676639475123011     1893.1542324591557644        0.0000000000000000          0         11          2          8          7          0          0        0.0000000000000000 43271.2881829677207861 42947.6802757074619876 42494.7368438144112588 43609.0645653246756410 43785.9631168390988023 43657.6602669982094085 44353.0528379163879436 43924.9929805153224152 45298.7379255380874383 43157.1415591600671178 43447.7593872767174616 44243.3584861503768479 44315.0661347164204926 44361.6234477961988887 43985.0507728250522632 43066.0883762278317590
   -9327.9451198340575502     2600.7047812122618780     2032.1388900693466439        0.0000000000000000          0         10          8          4          8          0          0        0.0000000000000000 41069.3362816682783887 41226.7403198587853694 40532.2692659239692148 40918.7135664432644262 42149.0448951185535407 42000.0829058821400395 43318.7155974646884715 43039.0008421076854574 42728.2564075002592290 42420.6907475466723554 41954.1127699271601159 40172.6767832935001934 42223.6647786980975070 42319.9448733236204134 40190.9157364283746574 41462.6842236888624029
   -9285.1547178930977680     2544.7273053936119140     2212.4305308014195361        0.0000000000000000          0         10          6          5          8          0          0        0.0000000000000000 45291.7457306442665868 44851.0948156641388778 43721.0787106487550773 44852.1058754391851835 45876.4062578703596955 45310.5499406127346447 42844.3389060645131394 43404.9669816449168138 42376.4124224330153083 45810.6740350233958452 44348.6189996171597159 44644.3002833421633113 44944.2462725300138118 44166.2110679121324210 44375.4406489286193391 44302.3374618757152348
   -9398.9574505183754809     2218.3393542078583778     2566.0829900347616785        0.0000000000000000          0         15          8         11         10          0          0        0.0000000000000000 46161.2968076243269024 44430.2042804694792721 44130.0285134043369908 44501.5118835313405725 45877.7060707237542374 45195.6841760191455251 44782.8907296497127390 45933.9819689061405370 46920.8773543341521872 44482.0443308642788907 45619.6806129516626243 45000.3327361273259157 45466.3989132938004332 46541.1989969978749286 46450.8749946902971715 44082.6942218754629721
   -9258.6352411509287776     2334.7801662724173184     2362.0378209054797480        0.0000000000000000          0         10          2         10          8          0          0        0.0000000000000000 43950.2382513488264522 45010.7449800235626753 41441.9710807206429308 43415.4768488246118068 44202.6659453873435268 44400.7829519534861902 45529.7351820067851804 41803.1321516415700899 41921.1002975293085910 42831.2698842934914865 39672.3681164625886595 42171.8772428277879953 41825.1002412101806840 41808.3982532261798042 41805.6852709213781054 42477.3174678779687383
   -9273.5854542691977258     2232.8518788789415339     2533.6491994523898938        0.0000000000000000          0         13         10          8          8          0          0        0.0000000000000000 45445.9264336281485157 45269.5972479029005626 45087.8893832336616470 44469.0431406541101751 45381.7963708017414319 43276.9442203811195213 45307.4216769255435793 45226.2043496053229319 43854.1561046318238368 44801.2786217187021975 44635.7985938608617289 44969.4399255862517748 46192.1182801323884632 44649.3029920532571850 46308.5483203402254730 44622.8058186983835185
   -9263.1221099557278649     2183.2203346608457650     2549.9004890360229183        0.0000000000000000          0         15         14         10          6          0          0        0.0000000000000000 45439.9219704130809987 44989.4229813320343965 45639.8334260943738627 44071.5325085750737344 44053.3274484796274919 43724.4782245439855615 44941.1010583202878479 44155.0660911677405238 44941.5112791119172471 44530.7317008067184361 46022.2909442118834704 46232.6118400901832501 42284.1779154083342291 45262.5187039059237577 43760.7063191712804837 45404.1167173965368420
   -9179.3168091060961160     2007.4002830901069956     2700.8410002928890208        0.0000000000000000          0         22         20          7         15          0          0        0.0000000000000000 42736.0660476549674058 43696.2896855037179193 44504.5214792253245832 44726.1021614336204948 42483.8435848878434626 44345.6499153972399654 42254.9963199074409204 44280.8725672842701897 44575.8002953664981760 41563.0162024475066573 41073.9677514343493385 42150.5592379117588280 42801.1154869842503103 43810.7296857550390996 43903.7038751495638280 42543.0821374937368091
   -9329.5326451496111986     1925.2728995712091091     2747.8950900820864263        0.0000000000000000          0          9          4          6          8          0          0        0.0000000000000000 45570.6277765697013820 44332.9323297201335663 46134.4883011146157514 44338.8566344938299153 43928.3622289640552481 43195.1292946728208335 43864.5579365369994775 44473.8848945747158723 43746.6772210409981199 44144.2048704910266679 44054.1301928980828961 43494.8643156244652346 44267.9290492705113138 44172.3774733625032241 46361.9022237199387746 45529.2946826288098237
   -9303.1287862513036089     2304.0368895855540359     2466.6119321705964467        0.0000000000000000          0          8          6          8          2          0          0        0.0000000000000000 41057.9265267352457158 42382.3668245838562143 42430.4470202578668250 42917.1521005911636166 43457.3488150041375775 42887.2101995917837485 41883.6332220937765669 40975.4785235910749179 44432.4715121236295090 41778.3974278003879590 43198.2716740963005577 43277.1819650523684686 40632.5472805525423610 42237.0878803425730439 43759.6351645433023805 43096.8998177349058096
   -9307.6506007998923451     2293.4327407894484168     2481.5244396738421528        0.0000000000000000          0          8          6          4          6          0          0        0.0000000000000000 43361.4915233408246422 43598.4852664844947867 44183.8606991135384305 43535.6664308474428253 43521.5466886935100774 45191.8283641753878328 44368.6552620639486122 43154.0078468297579093 43210.9102557171863737 43997.9881617328646826 45002.7835689849816845 43735.1739508157697855 43017.9906808792438824 43261.0347453013528138 41090.1200408347140183 43103.8576691301423125
   -9302.4742512138582242     1973.8465369104142155     2709.7226111907025370        0.0000000000000000          0         13         10          6          6          0          0        0.0000000000000000 44942.1460145064920653 45921.9663527612283360 45111.6779647827352164 45690.9177926226620912 44689.5177158918086207 43962.0774224435517681 41941.0089407186460448 43963.1613804432126926 46381.2723017027165042 46179.8505815763128339 42915.2305214331645402 42826.0207369487761753 44143.1188835134526016 42261.2397116056672530 44278.2669346054753987 44675.2010104125365615
   -9221.1373961242607038     1534.0852040453798963     2951.9347978604951095        0.0000000000000000          0         18         10         14         12          0          0        0.0000000000000000 45716.4366942222040961 45861.2451009009964764 45090.2629942539133481 43139.2739746062943595 43939.8124478921308764 44244.8327788156530005 43105.3827528819238069 44520.2528685524157481 42973.6457036186038749 44980.9823613898479380 44579.4761852264782647 45437.6068770613055676 43949.2333109061873984 43465.7426016279787291 43337.8221376561923535 46009.4810467686402262
   -9368.6532760061345471     1835.4438487369513950     2823.4962208945944440        0.0000000000000000          0          2          0          0          2          0          0        0.0000000000000000 43803.2378134754253551 42910.5067322533432161 40899.8091562882036669 44711.1391855979018146 44395.3873960467608413 44828.1004975443720468 43552.0100383175231400 44625.3699796684668399 45207.1424148452497320 44195.2110189450540929 43410.4812747896430665 45378.3898284325332497 44819.8908632406091783 43345.1449381953862030 45339.9530611363588832 43228.9279398211510852
   -9281.5390776312742673     2198.6800436877097127     2527.1165047478357337        0.0000000000000000          0         13          7         10          6          0          0        0.0000000000000000 43179.7972461327299243 43594.2676455189066473 42795.9277631428267341 43373.5886004559579305 44394.5472457804789883 42154.2678540971683105 43653.1395454202138353 44136.5718571779289050 43935.5625881592422957 43193.2606579730418161 44164.3431264490500325 40840.9973113268497400 41198.7760329476805055 43838.5698253723530797 43935.4525621370994486 44195.2957499186741188
   -9275.7121872829848144     2024.3181316545421851     2667.7896551746671321        0.0000000000000000          0          8          8          2          6          0          0        0.0000000000000000 43266.4651752859426779 44297.0579080924289883 43429.6893220243364340 44227.7386700529459631 45442.0162208834226476 43979.9386535022422322 43288.3756875812396174 43736.1308168725809082 43717.2338472004412324 41451.3201423586288001 41930.8037131605960894 43039.4380495378354681 43866.0090970177843701 43926.8193345537292771 42762.3324752678890945 40312.2717021721400670
   -9332.2166115210347925     1983.8155558603436930     2738.4019167484329955        0.0000000000000000          0          7          4          6          4          0          0        0.0000000000000000 45176.9488904694953817 44896.7692307819088455 44988.4124431329400977 45450.5800452232870157 44524.2982201162812999 45445.3688438954122830 45363.1656442694511497 44440.7928657178199501 43930.8956137548666447 44215.4060976810505963 44811.7161470186038059 46014.8610662456630962 44516.7869998265377944 45869.9879058605729369 43830.7387244408528204 45243.9634979852053220
   -9305.7888475549880241     1590.2593193485240590     2953.0385376166686910        0.0000000000000000          0          5          2          2          4          0          0        0.0000000000000000 48417.5130010002467316 48332.6104920039433637 46050.6614095248078229 45809.6398283434245968 45405.1547618294716813 44547.9522248429129831 45617.1583902368074632 45821.8346947458703653 44595.9575634943466866 46817.1111812620656565 45153.4026674054039177 44938.3478582967873081 45781.2237982497899793 46934.5886102411022875 47136.6315924445152632 46074.3869016305034165
   -9323.1438866373264318     1064.4033993888745044     3186.5898170072778157        0.0000000000000000          0          9          6          4          8          0          0        0.0000000000000000 45790.5056048049882520 44558.7090164881083183 43529.3209042008602410 44908.3758592001249781 44886.6733305743691744 44958.1876119387015933 43416.0790386198859778 43244.3922985741955927 44639.5139031846119906 45078.4736026008322369 45466.4623245185503038 45448.1499411734694149 44783.9120980476363911 45996.5441076249771868 43694.9816610925117857 44322.9608726508231484
   -9325.7734140154843772      571.0550757897590302     3310.1987972026704483        0.0000000000000000          0          9          4          8          5          0          0        0.0000000000000000 47535.5068345638210303 46107.8260911151010077 45010.2512288720754441 45381.5572880045365309 46473.3208766193056363 44231.4297745820877026 45140.8208176218104200 45654.9767151496344013 46854.5029743807972409 44913.5087824526199256 46255.2368526887803455 47018.1537721285130829 45180.7856377589414478 44331.6890357687443611 44198.6098307856955216 44601.1819832361288718
   -9295.3320359673325584      143.8039688843475687     3378.6838106210188926        0.0000000000000000          0         23         12         18         14          0          0        0.0000000000000000 44381.7087835197889945 44348.2270544718412566 45991.8620617106498685 44852.5383583486473071 46739.1784270596399438 44343.1848672872874886 43724.1035428308896371 44135.1452524385604193 44661.4861641426978167 42168.2490956690307939 44079.1244531987831579 43872.7427628688747063 45156.8053523145572399 46434.4802051152437343 44182.3672367837934871 43355.5946379910164978
   -9366.7294145594441943       37.8751243845717127     3345.2819177716332888        0.0000000000000000          0         20         14         12         14          0          0        0.0000000000000000 45227.6538993569338345 45575.1562453039950924 45357.1513441406132188 44178.5817244414429297 44202.6665407670516288 44235.2724854514817707 44737.7323269576372695 44412.8823022030119319 44633.8950056181347463 43439.2529346399678616 43766.8656643672875362 43874.3214448618527967 44561.1169451570822275 45217.9887175926050986 43993.6756624495392316 43938.4516568112303503
   -9280.3212777105072746      126.3872113045262324     3332.6184638340746460        0.0000000000000000          0          4          3          2          2          0          0        0.0000000000000000 42767.3694349144134321 42335.7109778850426665 42371.5842243710940238 43407.7527372489639674 42725.0236775127268629 42777.8149526680572308 42745.0369197592444834 42579.1799371337619959 42386.9929467580586788 41959.7386990846061963 42087.7531902484479360 43189.8911056140859728 43272.1099331605000771 43370.7671029609628022 43987.7571744350643712 42416.9772708034215611
   -9354.3085833974892012      752.8566618977409917     3300.7396060958949420        0.0000000000000000          0         13          8          6         12          0          0        0.0000000000000000 45739.5812933272973169 44961.4985589620628161 45222.7397693456587149 45001.4749153773664148 45649.4545502242181101 46109.0110540597888757 43550.6702030880551320 43975.7180970659101149 44551.0884101325136726 44753.4175943135996931 45716.8993108445429243 43807.2915693940012716 46030.9876381045178277 46946.4952945184631972 46014.6980999849038199 45125.9576191100786673
   -9295.6769470302515401      901.4695682767414837     3221.0449293751867117        0.0000000000000000          0         25         15         16         18          0          0        0.0000000000000000 42501.7973706163102179 43322.9306609562045196 43565.6193457322951872 43136.5393941355068819 41606.1400274061743403 43424.1545158606095356 42181.3839220734225819 44196.9294656046695309 42668.1895219663056196 43581.1846180303618894 42249.4002184292548918 42721.0151992660830729 43516.4787096335421666 43239.0687847130393493 42489.3256524973767227 43126.7454541161569068
   -9206.2537262265741447      982.6675051311184461     3135.7630282704858473        0.0000000000000000          0         13         12         10          4          0          0        0.0000000000000000 43739.8365508995921118 42881.8969191464129835 42649.2848273123017862 41855.3903487415664131 42568.2245393206831068 42402.9340263300837250 42385.8266458847792819 42407.2438611272809794 43415.2900833048552158 40594.9461490914109163 43632.9086101236753166 43462.7763348376611248 43397.9908299252711004 44244.6830827613157453 42211.5837448890524684 44248.3603316197695676
   -9275.0212433392862295     1086.2877343120580917     3168.1329349971902047        0.0000000000000000          0          4          2          4          1          0          0        0.0000000000000000 45326.2327251546885236 44192.7082089681207435 44691.0726140813640086 45286.4750171392006450 44472.1510404711370938 45430.6340320257440908 44784.0095326169102918 43088.0476042850350495 43931.3232367818709463 43219.4468607042290387 40820.0995900047055329 39500.4269336742145242 44440.1165137373463949 43453.9086771324073197 43589.9231779934925726 46109.3557608293776866
   -9258.1548060011900816      895.5718907134868232     3218.6395199241169394        0.0000000000000000          0         20         12         12         16          0          0        0.0000000000000000 45855.2713560448610224 46294.0807001739740372 46343.8329417754212045 45590.3939451752157765 44126.0791829034569673 43980.7131068127418985 45082.1994610563415335 46054.6650463415353443 44601.5506991622241912 42117.1960192514306982 43190.9850551183117204 45166.3064060558972415 44013.6592792729352368 44332.1681982414520462 43726.8861212723786593 44583.2464884021974285
   -9342.0054403174235631     1084.9347935476137081     3177.0526988772217010        0.0000000000000000          0          7          6          2          6          0          0        0.0000000000000000 43088.1551805530107231 42806.5397016354909283 43117.8110377989723929 43123.4656135056866333 42713.9612272820813814 40816.0594327012295253 42848.6194120919171837 44528.3226151102280710 43887.1611919516799389 43356.0973481329710921 44201.9973390419254429 42756.9686337486855336 43865.3812949411440059 43105.8436562693823362 43393.1613837895856705 43037.3453755504306173
   -9330.1721432465310500     1083.7364092583745787     3203.7124850208915632        0.0000000000000000          0          6          4          3          4          0          0        0.0000000000000000 42461.1661187623321894 42854.0325990528945113 42074.7449723128374899 41476.9195938017583103 43489.2750274058053037 40831.7354701614676742 41798.7607793431088794 43562.4692900038062362 43593.8615420855203411 45368.3712771394057199 43165.8859792979928898 43940.1108144761892618 44199.9027019686254789 42079.1412925465556327 43348.6831548557747738 43959.6228433010692243
   -9455.4064125664390303      934.3035978249215532     3265.7579625743005636        0.0000000000000000          0          6          0          4          4          0          0        0.0000000000000000 45951.3357606468562153 45754.4567709222246776 46084.2756256649736315 44496.7172974945933674 44060.9989577777450904 45610.9734238165474380 46457.3195820813125465 46318.4123598276055418 45035.3723903336140211 44755.0328658225917025 44534.3398258477827767 46277.9797969717401429 44991.6859561986930203 46143.1018829946187907 45800.7720824296702631 45290.2153092029839172
   -9243.3001978600841539     1232.1928810744377643     3068.8606788501438132        0.0000000000000000          0         25         16         18         16          0          0        0.0000000000000000 49091.8697534765888122 47615.1776450957477209 46593.3311629482413991 43795.2620522009165143 42819.4968709026361466 43386.2564129501915886 41355.5149402689276030 43719.8363132825616049 41633.6883172741800081 39489.1197988403509953 39724.7916137503489153 41346.2989258973757387 42404.9506687295724987 44025.5258819152368233 44386.3128629532002378 44695.6324665476204245
   -9250.1898378381429211     1438.2182245093770234     3042.4629756697295306        0.0000000000000000          0         18         12         12         12          0          0        0.0000000000000000 43406.8210707831894979 44339.4229325992782833 44635.8653900760473334 44187.9427098666565144 43350.4320684717240511 43687.7909794746155967 41757.1635260801995173 44628.8838777380806278 43678.5702312903522397 42885.3262464431027183 43482.4713850161060691 44494.5969926266116090 43555.0547594547024346 44377.0041203466244042 43271.1343359312159009 44660.0600891213907744
   -9404.1368386441063194     1257.3357943694782080     3148.7060564701473595        0.0000000000000000          0          8          4          8          4          0          0        0.0000000000000000 45849.0395264797843993 46266.0128455691301497 43870.1474668688169913 45212.1563034947757842 45534.7962276490579825 44019.6537314774905099 46584.9577204085799167 43055.1472013305901783 46438.3870013384948834 44541.8993999286758481 42891.2353959101601504 45538.9009613125963369 46061.8022144778951770 45632.3952822383653256 47421.8166993752602139 46868.7742036980853300
   -9283.9026108692487469     1350.9636265741669376     2995.0614595601073233        0.0000000000000000          0          9          6          6          6          0          0        0.0000000000000000 37068.2591188024016446 38998.0398543399132905 37452.5674320360849379 36258.2496389081134112 38229.4888051634698058 36673.7448680181987584 36891.2949492876214208 39526.8812278712357511 38854.5426775197556708 40148.0665663946856512 39839.6466963405910064 40673.0850514550329535 41782.0135778397525428 40312.2477823454246391 40909.2501326915808022 38363.8032861463070731
   -9346.0287977529333148     1210.0331585613685093     3151.2355721267026638        0.0000000000000000          0          5          2          4          3          0          0        0.0000000000000000 44767.2645218000689056 46736.5755991369805997 44860.7150160076052998 43026.6378788455403992 44204.8815893650098587 43887.5794426879510866 44721.1457253558764933 43424.8568662518737256 43656.8357409608215676 42810.9864003338589100 38974.4301664285812876 41800.5059501986179384 44479.7316853573793196 41891.9350090108346194 44878.2715113296799245 43911.1737983941056882
   -9266.4259284328545618     1366.2611328402144864     3041.4972941298069600        0.0000000000000000          0          9          6          8          4          0          0        0.0000000000000000 41476.3594629489525687 44045.5860831845275243 43772.5872185174666811 41879.5834531295477063 41394.5756257057946641 41723.9511280119622825 41495.2610134004571592 42555.1762669941817876 43187.0537855649163248 42230.4660394759703195 43195.1435162901179865 41954.4392430333318771 41029.4877688737615244 41542.4241831348990672 42046.1003218634868972 43354.3876518667530036
   -9228.8334767938849836     1230.4729585597342520     3091.6545473470409888        0.0000000000000000          0         18         12          6         18          0          0        0.0000000000000000 44131.6559315086560673 43135.1009497293416644 43566.4206682709627785 43053.3275860288777039 41753.9641962602545391 42214.9168728934891988 42792.6527031347213779 43111.8348863690407597 42681.6033496799136628 41360.5101564186697942 42852.2382127907767426 44881.5371569325507153 43741.6663493304804433 44445.7019382370635867 43215.8597848122371943 43179.6084708091075299
   -9332.7577395898097166     1057.7324800817634696     3150.7479206716543558        0.0000000000000000          0          5          2          4          4          0          0        0.0000000000000000 46387.4794728357373970 44190.8893497407916584 45042.2513108782950439 44870.4763507247407688 44434.8618113378615817 46359.7206951863699942 44001.6161655432078987 45255.8528096412337618 43660.1856160188253853 45528.1745078287567594 45108.0258093948650640 45666.4705435458599823 43186.4520478173217271 44357.1592348160120309 44335.7944694996622275 42611.3547963148594135
   -9483.2057668706838740      930.2819230406529414     3286.5361271190308798        0.0000000000000000          0          7          2          6          6          0          0        0.0000000000000000 45621.3421120984567096 46825.8409820275264792 45997.9839919443766121 44557.3654327661934076 46172.3090600463474402 43112.9410426453105174 46803.4157601415063255 47002.7801624767380417 44375.7868884093986708 44270.3198461288629915 45057.6874432441618410 43702.2820302163017914 43134.3237027821742231 44703.1285435812096694 44849.5752760135437711 47190.1039904453209601
   -9380.5744495287635800     1423.3660801200853712     3058.8649994497604894        0.0000000000000000          0          8          0          8          6          0          0        0.0000000000000000 47877.9485466160986107 47258.7728144992288435 47072.1844721422603470 46169.0624720074265497 45243.2348183465146576 46532.6483192053347011 45416.7877570991113316 45825.1225610142428195 44935.2914411686506355 48216.4429158659040695 45564.2990591492125532 45505.0462902346407645 45525.2870720299033565 46386.8104213008409715 43028.2925872155028628 46784.2794103150445153
   -9258.5864884019028977     1367.6161897261779359     3037.4555201112357281        0.0000000000000000          0         13          8          9          6          0          0        0.0000000000000000 42866.0868632206256734 43646.7061428180604707 43834.5712954089322011 43881.5639700377942063 43344.1790329896612093 41686.7111621205767733 40742.1433969266508939 41154.0064407038735226 41583.4386340551354806 41317.1841078126963112 40621.9713595444991370 41324.1832399018385331 41010.8908914596540853 42580.6831253337004455 41578.7487428867534618 42763.2203378298581811
   -9234.0883428233319137     1273.3089595472906694     3040.6777224430911701        0.0000000000000000          0          4          2          0          1          0          0        0.0000000000000000 41405.7598100603499915 42581.1956986221266561 41609.9616966402390972 40725.0471832782059209 40138.7969108278266503 40327.5770123418769799 41037.4061098298770958 42390.5628570744811441 41284.4312363828066736 42715.2614084245142294 40812.6417492198743275 39442.5051149698556401 43213.1761679384071613 41367.7894262415284174 41795.3668527742265724 43589.0820121468568686
   -9353.8981728969993128      858.2691957329342358     3213.1850219148427641        0.0000000000000000          0          8          4          6          6          0          0        0.0000000000000000 41475.1193247455084929 40506.2127652628332726 40061.4447645784384804 42837.7424537504266482 43237.5385100400599185 41643.7070802205635118 43516.3904670949195861 39858.6755066705809440 41721.0872376320476178 41488.9174240464853938 43704.9733729215804487 43081.4067880658840295 44172.9238951153893140 42526.6844278373828274 42039.6180173736211145 40953.2565167563807336
   -9262.5380827744502312      617.3082822111998667     3283.0129953786772603        0.0000000000000000          0         16          8         14         10          0          0        0.0000000000000000 50191.8271021485124948 43969.8463199060715851 46152.2293648319682688 46492.8309845256153494 43642.7557149064159603 44487.7579250839407905 45539.1609583866884350 43784.0189805428817635 44132.2452673925145064 44031.7741834426633432 42751.2638517998784664 42699.2141187225497561 45798.4501158067796496 46660.3191445690245018 46857.4836671139710234 48898.6215276532311691
   -9335.1371181783015345     1003.4235196144701376     3208.3761524159090186        0.0000000000000000          0          2          2          0          1          0          0        0.0000000000000000 45609.9801106877566781 45979.9842184820881812 44494.8777839674512506 43368.6549083100107964 44315.2051706128622754 40650.6439764747992740 43823.8139705314024468 45239.3912492075323826 44140.4905554227516404 45050.1409864540837589 43982.2083872721777880 43488.8491130254260497 44472.5847533152409596 44463.6496919006240205 44357.0072447842903784 44786.8616409074384137
   -9336.8928501405807765     1067.3237290875426879     3186.2639815639790868        0.0000000000000000          0          8          2          6          5          0          0        0.0000000000000000 46529.3123129486484686 45097.1647984728115262 45379.6988678074703785 46131.0065903791328310 45818.8582730429479852 45722.0827727128998959 44107.6024985077456222 44036.3236590046290075 45535.9115279880134040 46578.5927730196053744 44580.5187352901557460 43320.1653804037123336 43869.2282998385053361 46856.9506240351256565 45072.5913327478265273 45897.6819698669933132
                   Energy                      Mag                                                   F  N clusters    N vorts        nvx        nvy        nvz  N strings  Max s str            <l string>                Correl
