                   Energy                      Mag                                                   F  N clusters    N vorts        nvx        nvy        nvz  N strings  Max s str            <l string>                Correl
   -9338.8477271031970304      787.6785369852987060    -3241.6049210664623388        0.0000000000000000          0          0          0          0          0          0          0        0.0000000000000000 45432.0887132428688346 42401.6301074830116704 44196.9119481940724654 44500.7774216294128564 44135.3809145453851670 43299.7755820420134114 41719.8826433278154582 42046.9100974372777273 44345.0398655982862692 43619.3840611109262682 42926.1502626234141644 45380.6886650208762148 45278.0769275568964076 46635.9345487351529300 45824.8932566911898903 43907.8822109206521418
   -9480.0498533048030367     1901.5678355518327862    -2808.7044053977638214        0.0000000000000000          0          5          2          4          4          0          0        0.0000000000000000 45697.1248709553838125 44507.2070610674418276 45653.3223899377553607 43941.3709446041466435 46543.9950725178787252 45235.0584384640242206 43323.9202655315020820 46019.1774765489171841 43971.3517746707948390 44886.4261667990649585 45596.7026084533499670 45084.8316624412691453 44238.8521440362383146 45955.1347884373826673 46227.2844813488482032 45752.1744484550654306
   -9380.6600502852816135     2240.0408677729938063    -2515.2020785930667444        0.0000000000000000          0          6          6          4          2          0          0        0.0000000000000000 42994.7859669384561130 43498.9931750430187094 44868.1092096662687254 43990.1724563471943839 43881.3846116853383137 44497.7496802787791239 43655.3488247498389683 42681.5389319235400762 39741.0621423657139530 43151.4202293205307797 44615.6114693385461578 44792.7101183162012603 43575.4482371394988149 43217.1688143577775918 44714.7300149706861703 43576.6200348846323323
   -9326.6376408432206517     2145.7882761742184812    -2612.6945344906939681        0.0000000000000000          0          6          2          4          6          0          0        0.0000000000000000 46061.1913607506576227 45152.9531537932489300 44301.5821082573820604 44184.1257908715706435 44043.3882346800528467 43369.0861376698449021 46238.4963464463507989 45045.7803928422654280 47790.1957877735330840 45545.4339333234674996 46198.6587770139230997 44314.4986766788351815 44621.9985224296324304 44153.6717665481628501 44424.4580060505395522 46247.5539223808882525
   -9466.9240051207852957     1984.9294725398258379    -2749.1546081931460321        0.0000000000000000          0          0          0          0          0          0          0        0.0000000000000000 45499.5748056554293726 45541.3134786707523745 45446.8711162315521506 43668.3479679667725577 43446.0425707384638372 44777.0683603601355571 43849.7241293057013536 44584.2052384658236406 45433.6681505769811338 46197.5102117057467694 45872.4553185455879429 44968.9880332549146260 43902.1254124100523768 46269.0196406147006201 46071.5442704425950069 46357.0318111760789179
   -9294.2068099980133411     2296.0412274918330695    -2449.5920627358827915        0.0000000000000000          0          2          2          0          2          0          0        0.0000000000000000 44386.1833705590033787 43089.5767791318066884 45742.2323577851493610 45143.6528647199666011 44453.8950525321561145 43449.0815250244413619 44764.3096496945363469 44265.1599976464203792 43086.1371798258187482 44893.9742702594885486 43782.1842429661919596 43285.9609814496070612 43157.3922576652839780 45584.1173446216271259 43299.5175818706338760 44729.8958595534786582
   -9425.7861060206196271     2670.0070608984524370    -2073.0563323415954073        0.0000000000000000          0          5          4          4          2          0          0        0.0000000000000000 47473.5586723841115599 44548.3788793355488451 46171.8173876042783377 47050.4047140303882770 45843.1518309571110876 44720.8881630266187130 45860.9830005065159639 45124.0290955921227578 45082.1764538675706717 44827.9931986276933458 45655.8097615265578497 46084.5523196385765914 45355.6212178371424670 45531.4077319681382505 45417.6239003869850421 47854.3076453459507320
   -9412.7563339914795506     2521.1094070235690197    -2241.9558777918564374        0.0000000000000000          0          6          4          4          4          0          0        0.0000000000000000 44811.4439107579091797 44714.3325867130770348 43665.9107436718331883 42557.6775093260948779 43007.7457450725050876 42364.6170174559083534 44097.3476920520915883 45335.5611339986280655 44104.5336132205411559 44407.0993494385911617 43807.6820349250119762 44242.2649140018911567 42958.6469666464399779 45890.3479028959409334 46922.8540264340990689 44422.3932798114619800
   -9417.8339507706896256     2481.0652345987350600    -2291.5515350764239884        0.0000000000000000          0          7          2          4          6          0          0        0.0000000000000000 47184.0758985329302959 45183.7254187979997369 43139.5618216384464176 44631.7877192010855651 45288.1664343171723885 45454.9183457058970816 47039.8901664120276109 46232.1296198173658922 45912.5051331023641978 45199.5381475056783529 45482.7429109011645778 45043.9500796648135292 45463.4658670957433060 44980.3863641014904715 46552.5068596263881773 47501.5060251350369072
   -9358.7481848161951348     2454.4353651710957820    -2354.6661651743306720        0.0000000000000000          0         14         11          8          6          0          0        0.0000000000000000 44783.1948213482028223 46234.2619377733572037 44973.6548951677978039 44516.5771049103786936 45467.5110540154055343 43325.8110571666911710 43969.4913863900437718 44295.4233996146867867 45237.8764050127938390 45536.6189375857138657 44235.0060233559051994 43622.9911280842206907 45645.2981027268397156 45915.8444420889136381 44219.7923943211862934 44257.1000905863184016
   -9516.9178950827808876     2048.7433807140387216    -2737.9774593659644779        0.0000000000000000          0         12         12          6          6          0          0        0.0000000000000000 47162.0155666553837364 46610.5158743631327525 45647.1784155722998548 46959.2144592037366237 45249.9855466265144059 45434.1845393176190555 46106.6724073071964085 45559.8782066820640466 46531.8169297068379819 45488.9107651307858760 46837.0003515612042975 47066.0545002654107520 45758.6938464206759818 46290.8570417408482172 46112.7091550021141302 47764.7631813467014581
   -9476.9048278252412274     2196.1061512118749306    -2590.3825945197340843        0.0000000000000000          0          9          7          6          4          0          0        0.0000000000000000 47652.9850147072065738 46035.6059993291855790 47351.0376804023399018 47280.2987849715864286 46538.6929003862605896 45416.2510442012717249 46734.1343561254034285 46549.5884989712212700 45464.0288385676394682 47041.7296897880441975 46768.3753609001651057 45300.2541422733775107 46502.0765495383820962 45578.2633960885868873 45615.9847716242366005 45480.7244445950782392
   -9343.8110777959373081     1878.4079960042590756    -2799.4890484007905798        0.0000000000000000          0          8          8          6          2          0          0        0.0000000000000000 46888.7358554330567131 44383.6595050086179981 44901.4739862825517775 44908.9874831293491297 46706.7134379265698954 47375.2540732848137850 46490.4614820636124932 45432.4206294855466695 43399.8042954469710821 46389.7740569962334121 45262.4573408864816884 46596.8215450893912930 44931.4082528344588354 43134.8506840695117717 45757.6233716859278502 46769.4840533009992214
   -9348.0618153898740275     1490.7670685174946357    -3030.5873203972168994        0.0000000000000000          0         11          4          7         10          0          0        0.0000000000000000 44068.6697812538404833 44128.5987230234459275 45118.5931841441124561 45500.3202927143865963 44017.2285263353551272 44458.6172521443295409 41636.5253894993948052 41175.5379394167175633 42704.4886572296818485 45810.8402987252993626 44869.6708083337071002 44553.8624055141626741 45661.9206918267227593 44475.9886498732448672 45312.2976030690188054 44622.3310248311536270
   -9329.9764495092476864     2043.6151185606622676    -2690.8221647810646573        0.0000000000000000          0         10          8          5          6          0          0        0.0000000000000000 46875.4133033719481318 45534.1296287257791846 46389.0607422896719072 45328.8951096717864857 44522.1779203299156507 44215.5760589236961096 44699.7344880725140683 41819.2406666822644183 43395.0393516353651648 46937.2119879373931326 44629.8784181932569481 45591.2564929119835142 45289.7849739446101012 44948.0762240670810570 46426.7770559910568409 47370.2126059721049387
   -9401.2003525110758346     1894.3195175562646000    -2810.2965062281996325        0.0000000000000000          0          6          4          4          4          0          0        0.0000000000000000 47426.1053693736976129 46239.7990530627794215 45015.6136415415967349 45722.2689274820877472 46384.7351912997255567 46521.3245825247722678 46836.8286270051394240 45028.4590934812295018 46114.7549358699907316 45944.0721410917103640 46007.6288933318865020 46595.1979549808966112 46121.7746326927008340 44621.4895286867395043 47362.2516176375211217 45240.7833286955428775
   -9480.2620684362100292     1793.8297997462796047    -2885.8746530005728346        0.0000000000000000          0          8          8          1          6          0          0        0.0000000000000000 45773.7366006712545641 45241.1403951010433957 43605.0968042064341716 43034.9837639554607449 44218.4444531889967038 45002.1978317312823492 46710.4814514398894971 46897.5068966936742072 47113.4590368970311829 45132.9887489124230342 46892.2237990123685449 47222.5540978158460348 45985.3428825285445782 45828.9685538801422808 44791.3857012418739032 43477.8338376136671286
   -9394.8798124710956472     1887.8597719498525294    -2784.4577613504220608        0.0000000000000000          0          9          4          8          6          0          0        0.0000000000000000 44995.6523578717460623 44772.3304251700174063 44019.9666863587335683 44655.6912448298899108 43509.4966622934734914 42662.5286748568105395 42792.2339571376724052 40215.1658665533614112 42758.2022311204636935 43178.8295146677701268 43220.1425160893704742 43647.1265358754753834 43647.5593692555339658 42556.6751409321441315 45521.4361323783086846 45522.3878018873729161
   -9415.6178504643467022     1917.1339825944244240    -2826.3003990018278273        0.0000000000000000          0         10          4          8          8          0          0        0.0000000000000000 43606.6412223852967145 44869.2457719971062033 42220.4169006454176269 44599.9285639053050545 44782.3632410453865305 45967.1129366092063719 44256.2747989123090520 44628.2646444288257044 44325.1745787218169426 46361.2450499977348954 43938.9789689139433904 45156.8662941567308735 44246.0651224916873616 45024.7897361994619132 44682.0303134788555326 44480.3463277012342587
   -9328.2005002044788853     1705.6059577820196864    -2920.0742127087005429        0.0000000000000000          0         10          8          7          4          0          0        0.0000000000000000 47043.9759708180426969 46854.8176285347508383 44753.9001287772189244 45928.5334860155126080 47663.8759008308843477 46968.1069401007334818 46196.9669848169869510 46150.7357421432971023 45184.6104223820511834 44944.4690222560238908 46310.4887887601507828 45324.3528061635443009 44201.7075278890551999 46044.4120691044154228 44528.2596263187733712 44292.8591372921218863
   -9492.6727951876146108     1760.1012369379604934    -2954.5446252467809245        0.0000000000000000          0         10          6          8          6          0          0        0.0000000000000000 46357.4803893384596449 46898.5951019963249564 46576.9112555822357535 44745.0720037585197133 47253.8463410752810887 46868.7425868543941760 46799.1921941920227255 45509.6682923506523366 45408.8552920779038686 45477.4738956341170706 45758.0475877794233384 48905.0552835029957350 44948.5403547600071761 46483.1217154877231224 45517.8067526613522205 46302.2221252178278519
   -9594.7814298945759219     1777.0128903814188561    -2929.0890788359211001        0.0000000000000000          0          8          4          4          8          0          0        0.0000000000000000 47467.0407486563053681 47865.4370616091036936 45712.5596357575996080 46020.0878057455556700 47690.1885814334091265 45759.6914206332294270 44189.3224374373676255 45689.5432269809680292 46938.4003419928340008 45467.2449973366019549 46729.2524201669439208 46675.3165794761880534 47212.9746927883970784 48170.9375990228581941 46631.9366642283421243 47387.7312663746124599
   -9434.0522236874694499     1985.0171532469635167    -2805.6502426392826237        0.0000000000000000          0          3          2          2          2          0          0        0.0000000000000000 48532.7041695647130837 47569.4703823415766237 46620.5555353218151140 45528.3249562545970548 47119.9159219954017317 46512.0862645979213994 46007.1827228829788510 46015.9504605658585206 48037.0697567285242258 46646.8792697475437308 46479.7728511237946805 48149.3877036367339315 48903.0786859093132080 47412.6587703474506270 48885.3594792220319505 47701.8645219500103849
   -9468.2738290683118976     2248.6201201250519262    -2521.5079469220790997        0.0000000000000000          0          8          6          6          4          0          0        0.0000000000000000 40415.5863032654378912 42126.8275601634959457 43164.0209263133583590 41803.4565981626728899 43103.2729895341617521 44832.0519064437830821 42944.6364157688440173 42420.2447657935408643 42789.2543035540584242 42394.0668025378981838 42138.6100894176779548 40946.4290905044326792 42426.7816940281118150 43608.8970004172588233 41814.4850949204119388 40931.2098836586665129
   -9295.9709505219943821     2301.9431902618343884    -2364.4537064157830173        0.0000000000000000          0         14         10          8         10          0          0        0.0000000000000000 44248.3981133271663566 43764.0350932033034042 43374.2627318337472389 41766.3346406764467247 44052.6908824810452643 42359.9344102275645128 42122.6916598729148973 43429.9198006837395951 42485.6763781288682367 41317.0003960322574130 42347.1954869897017488 42803.6302751726470888 44028.3781770117057022 44781.2790201574098319 44559.5454078011171077 44442.2981881961022737
   -9308.7264334956307721     2370.4980682982049984    -2382.3977750872536490        0.0000000000000000          0         12          4          8         12          0          0        0.0000000000000000 44882.8407901163081988 44254.2273850995916291 43617.3171840584764141 46233.2175619938207092 43713.2764991548465332 43462.2308766866699443 43159.2979114310801378 43778.8391996126665617 46109.9143641712435056 45198.3421666048088809 45099.5272145112394355 43696.7772590382810449 44878.5873060507146874 44231.9359248902401305 44189.0971652220905526 45471.0354650148728979
   -9394.2831491119304701     2832.4207293634967755    -1838.8624310732134290        0.0000000000000000          0          8          2          8          6          0          0        0.0000000000000000 44386.4465236993637518 44258.8148565794399474 44562.6465209785092156 45155.4027864473682712 43685.3409001534091658 44540.7245581971510546 44195.3768854618610931 45683.3750394848902943 43281.9926054458483122 44319.9716739697032608 44118.0753484818997094 43302.1883165257604560 44579.3014380398089997 44723.7135516499984078 44231.5997960725508165 45140.0819997234284529
   -9309.0367565646829462     2583.5798872674649829    -2160.2035405074148002        0.0000000000000000          0         11         10          5          6          0          0        0.0000000000000000 44034.5748340595528134 44651.5085638006567024 42817.1609359495196259 42738.0022793241223553 41958.6701295713137370 41164.9203495593246771 41419.3761352206056472 44067.5631002042937325 42887.0381334380508633 43619.4936298186512431 44895.9243528617589618 44664.6923534649686189 45458.5326980023528449 44861.7840010082873050 43965.4850592767033959 44511.8713453544478398
   -9328.1386675501180434     2439.7642640930212110    -2283.9289939394811881        0.0000000000000000          0          2          2          0          2          0          0        0.0000000000000000 41471.3564598627199302 41225.7796918228559662 42001.5027003676805180 45206.7264217209667549 41765.2776694496787968 42188.3800197383461636 43759.9585413795284694 42682.1412615364024532 42914.5659720020485111 44072.0468204051285284 43718.4773779851893778 42477.7798227425882942 41067.7121681196003919 42808.9867736279702513 41579.1643740477666142 41587.2484444579022238
   -9292.4021668746154319     2229.4332680032662211    -2491.7766508827148755        0.0000000000000000          0         12          6         10          8          0          0        0.0000000000000000 45508.9765933337766910 47049.2339935417985544 45707.0459662475914229 45128.1295427456061589 43918.7023980759986443 44324.7798252575594233 45502.7070261531553115 44337.5306641894567292 45758.9331873563060071 43756.6664289272011956 42987.6505888908432098 41523.2955551778868539 42249.8210027699678903 44088.1145007043742226 45400.0864262409741059 45406.2769656763121020
   -9385.9697446148165909     2627.9563190195876814    -2086.0717591657157755        0.0000000000000000          0         11          8          5          6          0          0        0.0000000000000000 44036.0843691043337458 44830.6488285418236046 44375.8766336447006324 45636.3926728172737057 42377.9491818365277140 43522.7889141814812319 45862.5170165041927248 43432.2671419349935604 42686.6388855643308489 43587.3997112641372951 42545.6406213121881592 45241.6835722591349622 42668.4036790818281588 42882.3876967194009922 43280.4682579068248742 45074.6234781940220273
   -9407.3216255719271430     2733.3514692303906486    -1973.0668540278552427        0.0000000000000000          0          8          5          4          6          0          0        0.0000000000000000 43835.1080985548978788 43224.4553871439857176 44902.7461968439019984 45224.9922204377071466 43500.0619168568373425 44192.8697932384093292 44186.9587551954100491 43086.7577481374028139 43309.1881439707503887 44725.4678651569120120 44720.9550663636618992 43777.2100544999120757 43475.1220154801485478 44585.0217062002484454 44669.1744861285624211 44322.7843443738820497
   -9457.6737530565678753     2631.0504413949042828    -2120.1437787018421659        0.0000000000000000          0          8          6          6          3          0          0        0.0000000000000000 45091.5047645128142904 45058.3786116051778663 46322.1340486012340989 45966.2085962970595574 45413.6944984121655580 45703.0925623318180442 44579.0091555235267151 44652.4126046109740855 45119.9822284533584025 43237.0199325338908238 43828.5608173401851673 44414.2609773280200898 45413.0408728790134774 45244.4928921456448734 42896.0418138034438016 43671.9544834986518254
   -9303.7150262889626902     2771.7218011697164002    -1933.5433231932090621        0.0000000000000000          0          6          6          4          2          0          0        0.0000000000000000 47600.7058831521571847 45323.5267136080437922 48321.0726285772980191 46843.1046636398532428 45032.6647230402086279 45897.2578882054367568 44624.4363458310544956 45655.7761514308949700 44669.6430540412766277 44328.9947807186399586 43227.8164887466336950 44991.2711284861725289 44264.0799599879683228 45159.7376603369484656 46898.9951790759514552 47031.1511651849141344
   -9507.3778135159336671     2763.7370303516245258    -2029.4159300324004107        0.0000000000000000          0         13          8          6         10          0          0        0.0000000000000000 47356.5525134446943412 47883.7218908027862199 46537.8124960722561809 45873.5850021760488744 44687.7100076585993520 46578.1369916793919401 46405.8229734023916535 45721.6195766605305835 46939.2338562811855809 46830.5433657715766458 47109.7101389214658411 48528.7206862581660971 44947.2130999608634738 46205.7697322562526097 46013.6432594600701123 47891.3959885850636056
   -9406.8269687272568262     2600.9798324823964322    -2182.0566528785229821        0.0000000000000000          0         11          6          8          8          0          0        0.0000000000000000 44989.2064541299623670 44178.6366290061487234 43351.0400719980680151 43538.7131696530923364 45116.6767213886632817 46173.4464509436438675 44532.5368721678969450 43920.0733297346450854 43865.4306152638455387 44293.5960041741054738 45349.0755596425588010 42163.8176584111497505 43246.5414664165436989 44546.3435506028545205 43644.7601655483958893 44783.5307884251524229
   -9422.7299204158352950     2229.8879959971150129    -2601.1179367373742934        0.0000000000000000          0         13          6         12          6          0          0        0.0000000000000000 45450.2150146873391350 44964.3287345059361542 46732.4916115570886177 44330.5747347279830137 45096.1337471166043542 45119.5028484710055636 46985.5463389284414006 45442.8174278340011369 45826.2227042386148241 44805.6158132613272755 46030.6809048473514849 45758.3685201060361578 46807.3068218262196751 45081.4045910681088571 45620.9097214353532763 46104.4382498201011913
   -9455.8390995797526557     2109.7371596300145029    -2674.3941174542228509        0.0000000000000000          0          8          6          6          4          0          0        0.0000000000000000 48484.3433044679550221 48362.3641386037925258 46864.7203664322005352 47157.8545878748627729 47017.7672678542876383 47130.9664517448836705 47087.9021172464563278 47809.2534480522735976 46456.8128808951441897 46753.3188365539026563 44611.4353855553199537 45791.4146379608428106 46639.0912226327636745 47643.9581944977690000 46535.5991940458043246 45670.3163074467447586
   -9354.9674124054690765     2010.9427302693147794    -2710.5948203568132158        0.0000000000000000          0          7          6          3          2          0          0        0.0000000000000000 44329.4229743800242431 43377.7131125948799308 44008.0248090367167606 45218.9684286015253747 43997.7635972600619425 42869.7745330447505694 44604.0411346492401208 44312.0352629325570888 45122.1866788650077069 45415.7041096985194599 46179.8944420667539816 43562.9306475580669940 44123.6266209501991398 42779.7036031969546457 44619.0534876260790043 42349.5012029320423608
   -9429.5960797849511437     2357.4965284696804702    -2435.8376450920368370        0.0000000000000000          0          2          2          2          0          0          0        0.0000000000000000 46863.4643469038855983 46166.6182788211590378 43971.5758869961427990 45773.8423588951918646 45028.2902180207674974 45472.8571928111196030 46158.5133865308816894 46245.7989877047803020 46267.0095691211463418 47394.7517922737752087 46702.7320641453698045 47695.2500583808141528 44146.6901266615532222 45057.8695558240651735 45628.0883241288101999 44242.4234668489443720
   -9316.7336245212991344     2061.3941203062249770    -2639.0115058756427970        0.0000000000000000          0          9          4          4          8          0          0        0.0000000000000000 39188.7544369847746566 41710.8598301579477265 41003.0125715616304660 40861.2394289945950732 41368.4774919927003793 40324.9049199148721527 40560.8199839852459263 42273.0230436133424519 42917.9601888927136315 40741.4543211364725721 40809.3118309976780438 42693.0896407407562947 41407.1677363492053701 41294.7321601940057008 41488.0656630812882213 42194.6735036094833049
   -9347.6679743407439673     1953.5555407499705325    -2751.3594905996778834        0.0000000000000000          0         10          3          8          4          0          0        0.0000000000000000 45323.4278999056114117 45720.3467456269718241 45985.0121497086947784 46231.3697667470696615 44528.7263127301630448 45492.0332189143591677 44638.3763497904437827 43851.4731449166429229 45018.7398409078741679 45752.7529907397547504 43657.5257576304138638 44435.1513682945078472 45261.0091333708842285 42668.4849410030728905 44670.5077020746248309 44507.6323461735883029
   -9434.2928381691890536     2287.7019984747857961    -2547.1583383608926852        0.0000000000000000          0          9          8          6          4          0          0        0.0000000000000000 43778.8715570841013687 45274.7873962630474125 45047.2287467649584869 44868.7210889377965941 43748.0324825032730587 46073.3302451896670391 43101.2136218744199141 44422.2202409174497006 45359.4644670083362143 44232.6820621918013785 44659.0463298826944083 43113.9940252856904408 45088.1319172681833152 46030.4052549543193891 45725.5889627825454227 42764.9907647465297487
   -9314.9931343067109992     2165.0425138790519668    -2593.0777700094304237        0.0000000000000000          0          5          2          4          4          0          0        0.0000000000000000 45780.0259526546433335 45044.1181727262592176 45907.7171389301074669 44215.2576792605832452 45108.9770664045645390 43995.9062130292149959 46053.2040813269049977 45927.2706805550260469 45469.7955455492046895 45979.2555360783735523 45190.9042881283094175 45650.2267723256372847 43575.1346078800561372 44256.7023430298140738 43282.6279811525455443 47194.9082235499008675
   -9323.4757731814261206     1928.2459211098107517    -2735.4882003847283158        0.0000000000000000          0          8          4          8          4          0          0        0.0000000000000000 44364.8698942467817687 42585.5422983988100896 43269.9624881526106037 44676.1800580366034410 46274.0757962697753101 43329.7493487091269344 45564.0123569103307091 44317.7261879799116286 44464.5032589758193353 45955.5186630818789126 44449.9780485213268548 42023.3704674121763674 43432.0123658495867858 42739.5676750539932982 43619.9663517555454746 43866.8655912120229914
   -9358.9028359191324853     1539.7783760454542517    -3020.6632651162935872        0.0000000000000000          0          7          4          6          4          0          0        0.0000000000000000 46830.5609746511909179 47443.9848192829376785 45916.0309024086964200 46374.7025605335511500 44889.0949631833282183 45108.1502259372209664 46608.6885018394532381 45200.4961170453607338 46119.3870367457129760 44481.0849899034874397 46177.4118085304944543 46179.7285986433998914 44459.9012434182368452 45565.9284115638365620 46465.0443521211273037 45891.1729189881152706
   -9424.2353909383782593     1053.9584633518575174    -3234.1700237849586301        0.0000000000000000          0          8          6          6          4          0          0        0.0000000000000000 45515.3944631774065783 44991.2859496016026242 44571.2037030086357845 45251.0172833314645686 46066.0206563559040660 45793.6556875776441302 46072.3451132579793921 44668.8644480774601107 44592.0900710548958159 46593.2225906755629694 45607.2089083968385239 44446.2214674933638889 45421.0308368680052808 45977.6440035941341193 45750.1789573665882926 44298.6931152734905481
   -9498.0374309590388293      968.3325536738392429    -3272.6342663166510647        0.0000000000000000          0          6          6          4          2          0          0        0.0000000000000000 44130.2182093921655905 45114.9917285996925784 45492.9775546584132826 43452.6585973929904867 43536.5772235393742449 44576.6845613339100964 45938.0056399248933303 44905.3559902727865847 45864.9270643886702601 44446.3795172164318501 44500.0987902819251758 45162.1034205245086923 44115.8648051767013385 44693.8274326972532435 45548.6786205582393450 45463.5830031318182591
   -9480.6116173214559240     1278.5335805291035740    -3151.3122377719619180        0.0000000000000000          0          6          6          6          0          0          0        0.0000000000000000 51067.6851207426880137 45940.3488690008962294 47868.7809394909054390 47727.7716929465823341 48476.9402297221022309 48599.5422122667587246 48134.2371802730558557 48384.2992178871500073 49024.6090552639579982 46726.0265027672576252 49576.2648619425744982 46174.8935958910224144 46949.3209830079358653 48458.5155591279180953 47203.7750912829869776 48200.4590639384550741
   -9443.8553221949096041      912.0248927906794734    -3259.2156682111622104        0.0000000000000000          0         10          8          7          3          0          0        0.0000000000000000 46822.6179053482919699 45866.6895234463081579 47482.7676003531814786 45107.3791571380425012 45945.5604850610106951 45390.2366520751529606 45529.9236671832986758 45571.2083139738024329 46731.1714158867471269 44663.3341267161304131 46171.3328982919119881 43252.1334501910605468 43626.5677928697114112 45127.0017718410235830 45678.1432043865061132 47144.2731141831100103
   -9480.1204122979725071      884.7813971418211167    -3270.7599420384422046        0.0000000000000000          0         11          7          6          7          0          0        0.0000000000000000 41536.5842233464718447 43474.9527989727503154 42643.8244082485180115 44257.1242342326659127 43716.0136219883934245 43440.4301343807383091 42908.4592305588012096 44387.6519213618303183 43840.6880215923229116 43658.8610587194270920 43789.4365323049423750 41947.4219419635337545 39896.4120477070900961 43297.6408965634618653 43625.0767618057434447 43725.8638318338998943
   -9421.7282200714835199      586.4945732409660195    -3310.2795054183052343        0.0000000000000000          0         10          4          8          8          0          0        0.0000000000000000 43336.2958437766792485 44217.1965958787477575 43605.6348130418773508 43282.9341909395516268 42743.0136157003216795 37658.6499958284985041 38788.9504073576608789 40107.3339707812338020 42946.4759196447921568 43386.9519160549243679 45847.1373340630307212 44642.5906749513887917 45276.6350774424936390 45655.7111698101871298 44176.2700542847960605 43347.9860965683401446
   -9343.4336147493977478     1101.9074148828594844    -3202.4736776439467576        0.0000000000000000          0          2          2          0          2          0          0        0.0000000000000000 47040.5384591943438863 45817.8641330425889464 44573.2812501983644324 44304.5639085456641624 45191.3716239774657879 44396.1900144532337436 44839.7641964326612651 44015.0915177938513807 44722.3535473338415613 44392.0431802900930052 46045.2786502352537354 45454.2273945118140546 46926.3129067018671776 46659.3684916942802374 47094.1397874308968312 48002.2621927964355564
   -9407.7401646135404008     1368.7752458317834225    -3114.5640727907948531        0.0000000000000000          0         16          5         12         14          0          0        0.0000000000000000 44179.7873440267212573 44695.5907743444186053 44109.9673743171297247 43893.8155164033451001 43108.3143798796663759 45681.2760195475129876 44990.9974782839490217 45477.0515374199385406 44195.3903769004973583 44889.4107280991956941 45842.9257113771454897 44706.7916483329026960 44884.0553543109344901 44895.9359007914972608 44476.4527042380213970 43981.1896883586377953
   -9426.1629725184920972     1136.6078803934092321    -3179.5901746547524453        0.0000000000000000          0          8          6          8          1          0          0        0.0000000000000000 47399.2066500649671070 43644.1917408066656208 45366.7856139248033287 44289.0090271577355452 44320.2628724875903572 45021.8813503684068564 47560.2920876593780122 45313.6728557920359890 46972.4210170955775538 46204.3979460942282458 43666.9908376409730408 42630.9276121737639187 44569.4402730551373679 45203.3139785239036428 45562.5623090275112190 45767.9474641659107874
   -9277.9947262771911483     1160.0760311934895981    -3144.2082179174844896        0.0000000000000000          0         17         13          8         11          0          0        0.0000000000000000 45161.6403437748231227 43579.6198073161285720 39587.9745437001474784 43721.9475796882979921 43186.3264776076030103 46304.2871148779886425 44112.8251249149907380 44090.3538718785785022 44207.5261751689249650 42613.0823213529583882 45651.7215472044699709 46141.3328702312574023 45263.3392456831934396 43524.8410145724265021 45166.2359974896316999 46922.9678087166685145
   -9463.0140195266121736     1467.1746323759984989    -3053.9226938480778699        0.0000000000000000          0         11          4          8         10          0          0        0.0000000000000000 47589.1446104740898591 45551.4728681576161762 44614.7909999908806640 45301.9720749789776164 45150.6813017079766723 45849.0345658209698740 47768.9922826838810579 47222.3080364241832285 46407.0782862637279322 45470.0129870295058936 45058.7486775975630735 46872.3541557962598745 45260.3127637407669681 47317.9369986391102429 46424.8048962942411890 46672.8874461680243257
   -9429.9016034372507420     1902.9189197975783827    -2782.8654515877415179        0.0000000000000000          0          8          4          6          6          0          0        0.0000000000000000 44578.4487129679764621 42569.5922379946350702 44855.3104426686913939 44430.3208845865010517 44250.5593200872390298 44714.5430291859374847 44453.5413592633994995 45870.0915849542361684 45905.2782534958751057 44536.3040411534166196 44395.3160845217935275 45584.4685049126128433 43110.5298538778588409 44307.3734953067105380 42600.6438318527507363 44776.0459983723994810
   -9383.2826444417278253     2033.5628442605170676    -2713.0142317102495326        0.0000000000000000          0          2          0          2          2          0          0        0.0000000000000000 44185.5022360549119185 45463.6220354106044397 43560.6732759281439940 43483.4214796798260068 44320.2514048340817681 44138.2449571405522875 44003.1182029948467971 44057.6440257026406471 45745.4467698604348698 44395.6157084450896946 43577.1688747196385521 42797.9343540065747220 44047.3576740015560063 44635.8240045588972862 44522.3039148624957306 45817.1727961223296006
   -9380.9420986979694135     1826.9716886339435860    -2849.2692792248108162        0.0000000000000000          0         10          5          6          6          0          0        0.0000000000000000 43043.2046933276869822 43837.7215609506529290 44407.0209366852068342 42160.3960758271568920 43041.4897761232205085 44662.8975747544245678 44390.0776341373493779 45300.0325724630820332 44064.1545655284862733 43138.8555971802707063 44523.9797536445548758 44219.5152737394964788 43858.8401643913966836 45183.8565174159812159 42258.4635174256472965 44078.8101802462042542
   -9487.2716591393418639     1509.4799517903234118    -3041.8477895237665507        0.0000000000000000          0          6          2          4          4          0          0        0.0000000000000000 46973.9725474958031555 46527.1787843380298000 45922.9472204487174167 46343.7730515754810767 46654.7542460788681637 46616.6515362377831480 44372.9237052879179828 43998.5121586522363941 43688.5893564182551927 45268.9203571972320788 47682.5764453816882451 45769.0411220860478352 45733.1387104596578865 45170.3870231691689696 47304.5358587011360214 47760.7566380368734826
   -9437.1572316747951845      984.0028008036202891    -3252.0402332907092386        0.0000000000000000          0          6          3          1          6          0          0        0.0000000000000000 48085.0905533951081452 47451.6169348004768835 47352.3595938274957007 47449.9966851338613196 47860.5635611429752316 45904.8981033422096516 45680.2858135915375897 46473.5312343233308638 46589.4522145406954223 45765.3587399521347834 45163.2920555788878119 44741.6808829444053117 45321.6809001062501920 46107.1945850763440831 46472.2851910777390003 46951.0634822494175751
   -9487.5857062889099325     1488.5290035029820501    -3072.3522735597607607        0.0000000000000000          0          0          0          0          0          0          0        0.0000000000000000 43849.7106558357190806 45568.1331654198220349 44412.7862181363525451 42673.8763083303492749 43372.1649316318435012 44190.4920033161615720 43301.9802530977394781 44264.1704870342437061 43802.6574151467939373 44434.5354672250687145 44752.6853979101870209 46097.2039673481631326 44046.0397741045744624 44231.1400684867767268 45576.7483701592354919 46395.5750429184554378
   -9347.4011493946927658     2128.0438098018985329    -2572.4690448932433355        0.0000000000000000          0          8          0          8          8          0          0        0.0000000000000000 46341.2574501817798591 45476.0566533016317408 44832.0787853692090721 45273.4469016796792857 43901.0299231381650316 42199.9746449307422154 43594.1176937810596428 43651.5613524840082391 44993.4309127872184035 44288.6580770004220540 45745.2179006138176192 45513.3932368324312847 42956.5474553682288388 44628.8918277547272737 47186.0265881106024608 44429.3075847092404729
   -9405.8647484804387204     2326.3645047193540449    -2497.7872322059984072        0.0000000000000000          0          9          6          8          4          0          0        0.0000000000000000 46727.4329165933158947 44135.9805555216662469 45816.3524300857825438 46623.5834119934443152 46950.5055441118965973 47308.1589067638778943 45716.1913448622435681 45183.6761678474867949 46831.4405025979067432 46698.2173818114097230 46741.3518423536297632 45042.4386440102098277 46435.1280570380913559 45664.4589659732591826 45239.5589465152152115 43462.4241051988792606
   -9350.9619848171332706     2442.7992144883755827    -2336.4404899851151640        0.0000000000000000          0         25         13         18         16          0          0        0.0000000000000000 46145.4825115927742445 45176.0779796775896102 47037.6135738010125351 43761.8506338188017253 45672.8715613961248891 45275.0421230661013396 44493.6826516903529409 44370.4213320887211012 44421.6823514158750186 45240.4499534190617851 45898.0905419889604673 44376.9461234349291772 45705.5085251361160772 45669.2449253261147533 45712.3183140479668509 46857.4966797871311428
   -9396.9591089583664143     2819.9467909652375965    -1847.5020312273425134        0.0000000000000000          0          4          2          2          4          0          0        0.0000000000000000 44685.8474402815627400 45050.0101448004425038 45491.7641314482752932 45114.8294158871285617 45656.8686742623103783 44029.8809706136307796 44302.0032182262366405 40867.9388362070167204 41941.0223038454059861 42416.5449708750093123 44836.2040610080512124 45742.8992576650998672 44756.4020206433488056 45605.5454265455191489 44931.4043599840370007 44016.1135915190097876
   -9422.8072934019655804     2817.1072639881294890    -1890.9722575494522516        0.0000000000000000          0          0          0          0          0          0          0        0.0000000000000000 48344.5527882853566553 47227.2307061088431510 44641.5514748025161680 46039.5754411043890286 45653.4397459379906650 44898.6496430670958944 45590.2263771025172900 46343.9976813781904639 45712.0449123896978563 46497.4111143916525180 47483.6522106868360424 46857.9891352420308976 47648.5414071995182894 47158.1183221282044542 46934.5154013774154009 46910.6857876162612229
   -9292.6090666100226372     2588.6756361694092448    -2136.8342222084597779        0.0000000000000000          0         12         10          6          8          0          0        0.0000000000000000 45209.3712021157698473 44503.0864155176022905 45537.3895056234105141 44841.8293010379784391 42761.8111716820494621 44378.7787496655364521 44916.6359003965990269 43435.0794760436110664 44525.3590597149450332 44464.7852543666522251 43982.1129581087516272 44424.1581503423367394 44430.3082187093241373 44912.6185474398516817 46404.0305665529886028 44944.0179657706321450
   -9343.5066767708631232     2551.7119606263800051    -2211.8250618317665612        0.0000000000000000          0         19         12         15         10          0          0        0.0000000000000000 46568.5974089242226910 46680.9978376475919504 44018.6529776113311527 45291.9034714159206487 45409.3549164795040269 45385.9393030668434221 43963.8015139138879022 44374.1827610682375962 46729.7896654072246747 45348.9343919022649061 46033.3543251063674688 46178.9774384309348534 45065.7059913033299381 45250.2679678355925716 45642.1202649854967603 45669.4005417563894298
   -9403.6613440810160682     2759.8471940523390913    -1919.9763866938794763        0.0000000000000000          0          8          4          4          4          0          0        0.0000000000000000 41065.8939210552634904 41795.6747227546948125 42824.1654170732217608 41924.9268476224024198 41853.8023368898211629 42714.3117396075394936 43226.2320376098359702 40253.4274944344215328 40813.3487635947458330 40572.9287264245795086 41927.4405190976322046 41992.5527972566633252 43540.1374643264280166 43377.4136290848837234 42197.7569774464354850 43414.5091839355300181
   -9426.9317606629556394     2867.5907796909791614    -1779.3001832284039665        0.0000000000000000          0         17          6         14         14          0          0        0.0000000000000000 45242.1490043271041941 46608.1491173214599257 44066.8824156935952487 46229.6011527651717188 45524.8849979503065697 44663.9985604073735885 44838.0228746798966313 43749.2697232097561937 43526.9650956618643249 43422.1097672673276975 44304.7927509123546770 44656.8595968003501184 45526.5395509894733550 44910.7073593791719759 43648.9461554659574176 45047.3024258757141070
   -9407.3189635510425433     2805.3717937858823461    -1933.5272913759772564        0.0000000000000000          0         10          8          7          4          0          0        0.0000000000000000 43501.5659357658732915 43338.0234919045178685 44799.4474127202556701 40475.2595647820853628 44428.1188638756502769 44594.0547239205334336 46094.6616718962177401 46858.3120025364332832 44922.2477630184075679 45577.6274590231114416 44549.8829643036733614 44798.5281631999678211 44568.0830252185114659 43464.0621439224923961 44204.1828160748700611 44346.0101934666308807
   -9373.5783241594617721     2878.4088254302955647    -1729.9180701767277242        0.0000000000000000          0          8          3          6          6          0          0        0.0000000000000000 45199.6055843620852102 45612.7058492845681030 45640.7166690647354699 45200.8139731095798197 46487.0959202281592297 43708.3157373668000218 40640.1435357205773471 44933.1861939543377957 44531.6838772382689058 45351.9438436981799896 44395.3509834231444984 45477.1063073341647396 43581.1204013401147677 43375.7761725520904292 44656.1829870737419697 44383.5762048595788656
   -9347.6010281725157256     3118.6080856653256888    -1307.8909998010192339        0.0000000000000000          0          6          4          4          3          0          0        0.0000000000000000 44441.2440088615112472 45659.7137316924563493 43012.8671634695419925 46676.3370043582108337 44888.2623446430079639 44874.6242723780669621 44009.8289801290447940 42054.5055418207484763 42741.2665166105507524 45822.2045424028983689 44389.9176836518599885 45926.3977678009832744 44412.4770920228620525 45305.5506596369014005 43513.7874517247837503 44819.8387993705619010
   -9259.8099945533231221     2819.8984283735107965    -1782.1213792716207536        0.0000000000000000          0          2          2          0          2          0          0        0.0000000000000000 41765.8092419374588644 40885.7463463625608711 43441.0909126725309761 45610.6372272094085929 42175.5869851262687007 42200.2549010329967132 40960.4591312622651458 43277.8838452847267035 41937.6468467442900874 42909.5203948467024020 43124.4537237655094941 42514.9298078904976137 42312.4107494537165621 43932.8551085176877677 42126.6799353789683664 42134.7444961344881449
   -9400.3894407413317822     2927.2425011418968097    -1770.1197331893565661        0.0000000000000000          0          5          4          2          4          0          0        0.0000000000000000 47124.6351341057816171 46071.3397745300680981 45248.1692429486138280 45881.2737992661350290 46171.5315570720922551 46605.3233556728810072 46730.3286163958618999 46621.3936168913933216 45253.9871703026656178 45926.6290932393676485 46548.0684135008632438 46596.9090781059057917 47081.8133993234878290 46242.5679442656037281 46642.7848028673615772 47092.5267735314992024
   -9298.3917827367240534     2829.6772909360447557    -1783.6133210486561893        0.0000000000000000          0         14          8          8         12          0          0        0.0000000000000000 43401.2045457768035703 45113.3563482998288237 43556.1426939649536507 43166.4181721874119830 43621.5956686213758076 43984.3638886352928239 44348.4660158991609933 43826.7166408765915548 43479.2070516005769605 41429.2448022678727284 43041.9409372633817839 42618.9458855873672292 43315.7696372537684510 42149.1428143729644944 40993.5595559100038372 42551.8267660748970229
   -9413.9799002336785634     2973.7802240728296965    -1604.7337343536294156        0.0000000000000000          0          6          5          0          4          0          0        0.0000000000000000 43072.6934896517486777 41515.0220094284522929 42214.3126569374435348 43375.8721531420233077 42151.2832288619320025 41872.8199736168608069 44064.3541659312031697 44137.0080206335987896 43584.5103455664211651 45590.7765491001846385 44410.8231870223389706 45071.9224401724350173 42964.5994388537146733 44514.4163499436108395 44460.1958205860937596 44581.2457627772091655
   -9407.9384417748697160     3202.1347793249628921    -1204.2188306979687695        0.0000000000000000          0          6          2          6          4          0          0        0.0000000000000000 44943.3279273610169184 44421.2476909611723386 45301.7588589906154084 47375.9517025442110025 43277.9368258569375030 44091.5898951616327395 43792.1187887855994632 45153.8900057838473003 45094.4981612024494098 46205.5453964683692902 45006.3585580505823600 45032.0107518563891063 46105.7903345065715257 46095.6854698162787827 46269.1875803258008091 43595.9739368516165996
   -9399.3287398820284579     3180.1053907587343019    -1034.1701766702192344        0.0000000000000000          0          7          4          6          4          0          0        0.0000000000000000 43512.4773217998736072 42685.6158158511534566 44927.4649091567771393 44046.0331945474899840 44115.0383205547113903 42184.3335937295705662 44178.8125144019941217 43304.0952155671766377 43619.8162287953891791 43806.2453783647215459 44007.2168370355211664 45047.5145594358618837 41029.2515891169605311 42662.5316038325909176 43982.6617171228426741 43251.9552108644857071
   -9415.5914935067830811     3302.9475921002813266     -669.5398352940114819        0.0000000000000000          0          3          2          2          1          0          0        0.0000000000000000 45844.9571364331786754 43317.4051821841931087 44193.9409502642520238 45069.2802154331584461 43558.1336860792289372 45385.7934809341459186 44719.6226909387914930 43533.0915378988647717 46789.6541432104058913 46445.0607881011237623 44910.5251685591138084 44681.0451934865777730 44938.8280986855606898 44538.3129268673583283 44859.8095810887025436 46501.3916160029111779
   -9420.8048600820038700     3014.6746636646666957    -1543.0131107391573551        0.0000000000000000          0          8          6          6          4          0          0        0.0000000000000000 45873.5175498779572081 43935.7062167835974833 45656.0555353670497425 45497.5930771292114514 46556.8369581550286966 46515.2856146360500134 45816.7074653339950601 44836.3704651023363112 44680.5701228788966546 44232.8726471015106654 43995.2728973329285509 44157.7884961352538085 42598.8976989968214184 43482.4074288424308179 45848.4099274296895601 46398.5020921190443914
   -9438.9688584560808522     3052.4936959671554177    -1511.2094831998365407        0.0000000000000000          0          2          0          2          1          0          0        0.0000000000000000 41784.4080248437312548 43158.7940908884047531 41207.5109809433779446 43452.6592034875357058 42185.0157374182454078 43262.4418935921494267 43161.1038955213080044 44894.5074599931249395 43151.1590293023182312 43253.9416272324015154 44483.2264661193185020 46018.2036678404620034 44237.8813569427220500 43715.4909089749780833 44411.9813679084763862 43846.8709750988273299
   -9401.1578508693801268     3199.6403122619485657    -1138.0111890859254800        0.0000000000000000          0          8          6          6          4          0          0        0.0000000000000000 46081.8697299933483009 44556.9710326892673038 43982.2539637056543143 45598.3103871696803253 47230.3364041797976824 45480.1263128554710420 45650.0300645807001274 44950.7410232059119153 46158.3781901428155834 44628.6361049422630458 44733.8680054739670595 45055.0650630379604991 45257.3787523972860072 46697.0605389532065601 46543.9192004423894105 46381.0613058499293402
   -9421.9843167055696540     3347.6678524494313933     -618.5335494376122369        0.0000000000000000          0         13          7         10          8          0          0        0.0000000000000000 45911.9390913870520308 45475.2184751883105491 45421.9317725665532635 44825.5080112278665183 45909.7560755179874832 44697.0400392420051503 44065.8688835786888376 44173.5522508765643579 44542.0722704247018555 46380.3305401321340469 45572.4133113400675938 46715.8647819284233265 45491.1563806014091824 47024.1161772930790903 47358.1556491334486054 44825.5143538793199696
   -9383.6900314346639789     3350.0510341354151933     -419.9473102067046852        0.0000000000000000          0         10          7          4          8          0          0        0.0000000000000000 44483.0050843352946686 45070.7476961418215069 44144.5135484290585737 42963.1002987621686771 45993.7538911971350899 44922.2423028458215413 43970.9493582625000272 46772.2557483388518449 44973.0838564770747325 44821.4130149827833520 43833.4657032678514952 43017.7051518945227144 44425.5598035888760933 43178.0568897434641258 45400.2000189071623026 44052.2487128552384092
   -9352.1584662408913573     3291.8130341897776816     -670.4648443380830258        0.0000000000000000          0          5          4          4          2          0          0        0.0000000000000000 43285.1350883937775507 43529.9183347900470835 43855.1803397437106469 42856.3439972931373632 44015.1280662306089653 45515.1676861995219951 43473.3250791046302766 44797.7684629913856043 42427.3998908477951773 43751.8215247081243433 44243.5404082980021485 42997.4075578023548587 43994.8593043408473022 42271.2468145690581878 43130.5242310184185044 43965.2102114115259610
   -9365.1456872622620722     3314.1539530354234557     -527.3328579859254432        0.0000000000000000          0          4          4          0          4          0          0        0.0000000000000000 43167.8244424816657556 42914.3588945585797774 44440.6334110248571960 43092.0312903340454795 43257.9449776646870305 42822.8161551107114065 42814.0231103791957139 43830.9733228501863778 42910.2400514230102999 43923.1101359269523527 44767.3721336471062386 43871.1088438325386960 43768.4981880780469510 44265.8571669673037832 43151.1111646724821185 42684.5451972197406576
   -9395.5446983601032116     3358.4213730726396534     -444.2902104504865406        0.0000000000000000          0          8          8          2          6          0          0        0.0000000000000000 46797.5943043021397898 45271.6877876875078073 43177.1197879665051005 44854.2196051750288461 46558.8432730758213438 44511.5027276839973638 47302.9587771508013248 46652.4495669729367364 46216.6030873246709234 44370.0219918474758742 44822.2005214626697125 43078.4516899892332731 45783.9746535399608547 45964.6579559426827473 45390.1264499042663374 45767.3641034676838899
   -9338.3072826019524655     3147.9360838719726416    -1158.5837759817823098        0.0000000000000000          0         14          9         10          8          0          0        0.0000000000000000 41831.2892960093449801 42655.2249751845665742 44090.7994622080805129 43596.9242238621591241 42990.3267136643335107 44159.4573855118796928 41681.5712643388396828 41790.2756456043716753 41537.9010509270883631 39726.7582549246581038 43061.8216089819179615 43337.4569232731300872 42875.9533586731849937 43427.0864768538667704 41925.8755544057930820 43305.4238323707031668
   -9389.1845827803317661     3034.5800055865815921    -1521.9738071927217788        0.0000000000000000          0         14         12          8          8          0          0        0.0000000000000000 45579.7677437575039221 45848.1255943311844021 43412.8256515925750136 43962.0774169080832507 46702.1152286917058518 46586.8963768564935890 44564.1365698412846541 43876.3132225365043269 44228.8361804951346130 43517.5030733092135051 45940.7783354874554789 46147.7632351694337558 45181.6365525805231300 45988.3614266917211353 46133.6538422877347330 45747.2713308519014390
   -9408.0544698108296870     2976.7269997935832180    -1676.8731310408159061        0.0000000000000000          0          6          6          4          2          0          0        0.0000000000000000 46948.1872310891048983 45344.3084798412237433 45284.6642397983523551 44989.5726168434339343 45165.5505227945905062 45805.2639204051229171 45133.7905493168873363 47626.0398857434774982 45777.3192856789391953 46612.5491435816147714 47505.5746395419118926 47298.6765055835494422 45693.6674183820869075 45054.6192518343959819 44163.6875538497261005 45528.5797235189893399
   -9458.5507354302189924     3211.9985090912696251    -1047.3400312668179595        0.0000000000000000          0         10          4          4         10          0          0        0.0000000000000000 45801.3060622278499068 45224.6825903747667326 44398.5868527382481261 45287.7476322517395602 44033.7679387371244957 45035.7109758862279705 43939.6590978366511990 45744.2847587395517621 47702.3667841245842283 46324.9215046775643714 45101.6697706938211923 44579.3691172618491692 43690.5723510839525261 43907.4071663782233372 46436.3484261023404542 45783.6284843697503675
   -9375.8897637415066129     3274.6670159476525441     -807.1150877407462758        0.0000000000000000          0          2          2          0          2          0          0        0.0000000000000000 47276.6320561418178841 45793.6287180362123763 45254.8232759074016940 44051.2074025713445735 45355.7710999566697865 44055.8581580951431533 47080.0392077496726415 45105.0682311670898343 45486.8252870861251722 43913.9038354230506229 46190.7107153008473688 46350.9463315828106715 44939.1472611688441248 46096.0249784030092997 47691.4017517864558613 47664.5058316362265032
   -9362.8216677531345340     3373.5543117264332977     -514.7528065298035926        0.0000000000000000          0         10          8          8          4          0          0        0.0000000000000000 47291.6389919896973879 45158.1754596237951773 45864.0278703936419333 45995.4508817259848001 47366.5739337682098267 45548.6877548593984102 45896.5377227904828032 45658.8060347497084877 46251.5292966366396286 46894.8838928792902152 47760.7847175397473620 46581.9446654319253867 46432.4450293691552361 47155.8364259856098215 45614.5802721884319908 46581.4593651464601862
   -9374.8492226722610212     3289.3699781519717362     -755.9037158290248044        0.0000000000000000          0          5          2          4          4          0          0        0.0000000000000000 44774.4925822003133362 43645.6492146534001222 45524.1218197547932505 45507.9235408240783727 45879.7361982080328744 45462.7692510073466110 43545.3342359563466744 42696.6741062374858302 43297.9292268745848560 43587.6365928701779922 45386.4171702056773938 45171.5701546934869839 43979.4320111117340275 43878.3865186003749841 43233.8226402448126464 44427.8562303637590958
   -9433.6726962995053327     3361.3822592859637552     -157.9054802708374439        0.0000000000000000          0          4          2          2          0          0          0        0.0000000000000000 45012.1562447803589748 45544.1361820393067319 42764.7024910070394981 46363.4342788616631879 44582.2806685219475185 43407.9989685935652233 43291.0818448703139438 42547.2597497203023522 42563.5279625831972226 43906.8541007536332472 43524.6899617094604764 43452.1328259902875288 44268.1578749844702543 46174.2402165106759639 43993.0999036075008917 44448.4897146716903080
   -9421.6897791858154960     3379.5489843196305628      181.8858468063384066        0.0000000000000000          0         16         10         10          9          0          0        0.0000000000000000 45892.0739078986225650 43970.8762212827350595 44285.7043652786887833 45665.0288386843749322 44665.2578705002379138 44301.1920140733564040 44194.3695057843215181 44421.3893863403645810 46726.7393157764090574 45314.7386816437865491 43947.0125868182003614 46832.5919162423087982 46466.0238586950363242 47221.4588919260786497 45993.1196387432864867 44824.5656707737871329
   -9469.2046119384249323     3400.0941731336856719     -104.9310623843746271        0.0000000000000000          0          5          4          4          2          0          0        0.0000000000000000 43204.7517526619412820 42413.7082265788703808 41307.0280725821139640 43731.5023775676745572 45577.2087706886522938 45253.7862990924986661 43964.0877646345979883 44982.9923305240808986 43347.8162816222975380 43254.3800400776817696 43447.0565935135746258 43710.0306452002041624 42537.6158996380108874 44533.7562649603860336 43628.2750381264631869 44708.4009272089315346
                   Energy                      Mag                                                   F  N clusters    N vorts        nvx        nvy        nvz  N strings  Max s str            <l string>                Correl
