                   Energy                      Mag                                                   F  N clusters    N vorts        nvx        nvy        nvz  N strings  Max s str            <l string>                Correl
    -315.5154713226836520      -42.1978726728239621        3.4545665463892372        0.0000000000000000          0        174        108        127        112          0          0        0.0000000000000000 60.2005334576445108 6.0359050881555625 4.4798707780880243 -23.5225203734011039 -97.5556831543864149 64.4048974506696936 147.7875251054946659 166.6732543369163011
    -278.4814115698605406      -43.3175412517250606      -45.0424509885757800        0.0000000000000000          0        196        131        138        122          0          0        0.0000000000000000 62.9385166362964412 -88.1732748750042390 -27.5396193998588785 144.5745075196162190 43.8577714782724755 57.1054574045335102 44.7646400142627670 35.4240941434584613
    -328.1152990423392453      -32.0327650200993403      -26.3761845583276084        0.0000000000000000          0        184        125        118        124          0          0        0.0000000000000000 50.0861296227653270 37.9057329285432374 -31.7911001149257864 -115.3899852093180698 -115.1310825522903940 5.5535679799404409 -46.2628862102696701 -17.2037544467050871
    -329.3615611567965971       77.5665125740894297      -51.3827828439873784        0.0000000000000000          0        169        112        112        114          0          0        0.0000000000000000 559.9535776296037284 401.7109798787308250 262.4559674519494479 -176.1579975384439933 278.7400043885497212 1.5812062546061192 205.8291592923178825 351.7928403852180281
    -281.2311380623696664       -1.6556775065900164       33.2106622109409173        0.0000000000000000          0        187        104        136        134          0          0        0.0000000000000000 146.2138347660653039 30.6999173312182094 144.2641038730346281 99.9320064953523257 -48.9353687895739071 -78.5588581485349948 -38.6707407489738699 122.2439948885423462
    -332.8517808732062804      -51.8563281828792455       18.3285604900795569        0.0000000000000000          0        176        126        112        111          0          0        0.0000000000000000 318.9198185042396858 145.3992412014704598 211.6639414006689890 .8284681516596493 227.5978521724264567 124.8586846203004086 -58.0585104557858642 -.0035399771265450
    -243.9771938244387570      -35.7286913253291871        6.3612550543839683        0.0000000000000000          0        194        119        133        133          0          0        0.0000000000000000 41.2320389474003761 -15.1493206973395651 76.5790674453027975 64.6941057223996125 5.6218353514490751 -53.6579797604107256 24.8471920375639854 52.2078452460259399
    -272.8965565763644463      -46.9266264670116939       28.6642778162910155        0.0000000000000000          0        195        126        132        131          0          0        0.0000000000000000 132.4684686618160185 14.1829548871113413 126.5388987139195791 94.7890829638582488 73.5805786789664040 89.4763023366810160 50.5125896756381181 49.9816489809139384
    -283.0820189715065567      -82.7240771069802605      -32.7927426493367449        0.0000000000000000          0        189        116        122        140          0          0        0.0000000000000000 326.2038280437416802 176.0151300338776252 493.4422938223679580 72.3734567899856813 4.0057864254534117 -2.2458410086777034 342.8133004249496025 154.8710771320227195
    -330.2955742529550207       73.3264364265072572        3.1612733769653478        0.0000000000000000          0        179        118        116        123          0          0        0.0000000000000000 409.2090140877515978 339.9657968169775586 -40.4610827307086396 -179.3853291459467130 371.7239968571926738 135.2087494686765012 218.2937539210441003 221.0858535532437656
    -338.5696770651454131       28.9748007965875622       51.6065604205710144        0.0000000000000000          0        165        109        110        108          0          0        0.0000000000000000 94.4610108154212185 8.2836071981584709 114.6722299372908509 120.7270845435248248 -112.5924281108293172 -155.5393759004062986 45.4803967877422650 122.4721010965937040
    -274.3271156037729952        0.1045986988919349       39.7488645139762227        0.0000000000000000          0        183        122        114        126          0          0        0.0000000000000000 41.5805873476747507 -77.3042781995138739 -23.2445745736612253 4.9970057023901404 -14.9655698699020583 -37.0681474244142919 -51.3600661293408507 -8.9849117198306345
    -272.8226782676503603       42.0151617478275483       16.1072208772256644        0.0000000000000000          0        207        143        122        147          0          0        0.0000000000000000 365.2305004798708410 333.5971223285093288 6.3473247964620469 129.4129036993407738 -263.3413847717666840 7.7463053008579834 -94.5540838293989623 -11.2174197657019263
    -305.7412877111353282       23.4217054578762998       -1.9550682345900121        0.0000000000000000          0        181        120        125        115          0          0        0.0000000000000000 222.9776185390593355 108.6935929135473486 79.2111025720528232 -47.3477875825990751 -211.7220901632665004 -90.5985487349064158 -198.9187313703550899 -60.3510416130534892
    -301.8274382558965385        1.3447900309944765      -21.0440187411476174        0.0000000000000000          0        173        118        117        110          0          0        0.0000000000000000 109.2102275468154318 .7539920216792211 -161.9898215820779228 -59.9951523259855932 171.7319061686573320 49.6374189388735800 -16.4091714192093683 -69.4360890034793101
    -211.5319760581428454      -26.3444918878397303       24.2662078701966628        0.0000000000000000          0        209        135        142        140          0          0        0.0000000000000000 46.8089883211250566 26.6756700552983688 75.0465245753072452 74.7796357000107292 -9.0366391363290113 -6.4587064797905418 1.0577977636777476 29.4804349463486730
    -315.6439385736473469       15.9221239268197348      -17.8957816799995513        0.0000000000000000          0        181        138        113        107          0          0        0.0000000000000000 80.2903195380871892 -.1885010014886404 101.4529667493870875 61.4117357370393506 22.5857707529664680 -11.9683162323067478 94.6999439411985122 -134.5585045996809299
    -317.9082601049428263       26.2922511635220353      -20.2108253427374365        0.0000000000000000          0        186        138        111        122          0          0        0.0000000000000000 169.5465095641354765 -34.2542015739555552 145.5296865529388128 43.0080271229768130 247.9067987762648215 -85.5954084565301230 -199.2635654012635484 92.4955848041548450
    -314.8525039996470696       37.2186918360297980      -14.9314070361627955        0.0000000000000000          0        178        112        119        124          0          0        0.0000000000000000 86.8442824491410903 26.1156831117358159 -19.6500318969532870 83.7547707413602467 49.5417390161671420 55.4712411111104942 -120.9240625589164893 34.5556236884801962
    -281.8122217804604475       13.2981613177740456       25.9282060492587547        0.0000000000000000          0        174        108        130        110          0          0        0.0000000000000000 195.5643545315915048 -43.9549667781923219 16.6461413633137170 138.9079808079201825 -149.9562187242235893 31.4359392105388267 39.3704611748683249 120.2593573735134953
    -259.9831834085888431       12.0198470794228900       -1.1682884971288308        0.0000000000000000          0        202        125        155        122          0          0        0.0000000000000000 51.6598893369592673 90.1327074024451775 9.7747616328238518 -90.8621853430917668 -121.2149793674986142 -45.1479095148847165 -.0098460204528763 38.6879311619757686
    -284.1506347578552436      -38.8011481378459919       13.2688574955811482        0.0000000000000000          0        191        116        129        133          0          0        0.0000000000000000 29.2514335090898570 53.2598805584827630 48.3492672432412718 -59.3098983774521287 -8.1129508286881773 37.2878075333439725 -39.9317634916408366 6.1216095395054566
    -279.2861225787162880       -6.2421362056687535      -18.7700962602869552        0.0000000000000000          0        169        110        108        118          0          0        0.0000000000000000 161.5359085906407586 148.3967952768365706 83.2103930614749032 -99.5869287985884171 54.1101244585349122 -166.6475203344040494 -134.9230362813972022 -48.4394904070218146
    -300.6099550845595445       50.6873564524500324       -6.6120970202484370        0.0000000000000000          0        193        117        152        116          0          0        0.0000000000000000 190.2791762362768679 134.7234075154276525 -23.5112117556035862 -216.7141596857973411 182.9803716796589015 -7.4177782381553499 67.3829613673426167 144.8011012108790965
    -346.4949526488841798       62.6795337261645003      -22.1849909911581946        0.0000000000000000          0        167        110        101        121          0          0        0.0000000000000000 274.3290626196029507 310.9297605565179765 142.0690929732941186 223.9533739974735909 -243.8771362662791375 -118.6117601423418932 129.9669723538046924 293.8264407596421393
    -243.2075321535571959       29.3666999267782316       -2.9435860768129638        0.0000000000000000          0        203        128        127        147          0          0        0.0000000000000000 103.1016350354171038 21.4919625786435518 -62.0614375122003352 -40.6177262104474792 36.0059493963865620 64.5432458090351133 164.9410045864269136 -60.2901792796418832
    -258.8497679527621358      -17.6434102335187752      -48.0297569717211701        0.0000000000000000          0        189        122        120        135          0          0        0.0000000000000000 127.9342549466289114 6.1423350527608491 -4.3034912672997265 31.2950709121532320 156.1112129709034093 -82.5731200609467209 104.9270499979736684 102.5914748279643618
    -248.5125959998103724      -37.0962103744003926      -51.8014384605040021        0.0000000000000000          0        185        125        133        110          0          0        0.0000000000000000 51.4014393000211953 53.8600421507804157 -24.2907269158294739 69.4849945119140102 -110.5948046726960854 -16.5367695104137020 17.8220180987367272 -74.9728075654045085
    -214.7563394480895909        9.5131011569731694      -20.7209822305850473        0.0000000000000000          0        208        154        136        126          0          0        0.0000000000000000 89.0747212377675339 -46.4864602922518699 -135.6224279658106013 71.1732461223551240 -55.8445339779985375 57.1409847675969118 116.4799069401547627 -36.3286271556944840
    -279.7596832021357613       22.0048273894435908        7.0994160204911765        0.0000000000000000          0        197        138        130        123          0          0        0.0000000000000000 28.1722576156059681 35.1552725843563394 13.7584867211680830 -82.1132162246578474 -77.9078119664778370 40.0856940059629068 3.4989959398929784 -35.7432595397046668
    -321.4783902231812363      -24.6925676848255158       18.3481420070276044        0.0000000000000000          0        175        118        114        116          0          0        0.0000000000000000 6.9933220803482570 12.0295295872654719 2.5819620105293435 21.9244106420191400 -8.8016610938305089 23.1769232858794680 9.0055383778672500 11.2289415016940914
    -286.7265628857707611      -41.9210713246046751       20.7036137812456005        0.0000000000000000          0        196        106        127        158          0          0        0.0000000000000000 159.7179176950591000 94.3903731688804157 -12.0024059607809761 88.8764975832822017 97.3766655634403833 23.2389237934355108 61.2184605805207056 -86.3284106172950487
    -291.9588995659008219       20.7873626946157657       89.6301084991026045        0.0000000000000000          0        177        115        119        116          0          0        0.0000000000000000 37.2074717330339695 13.0040745071745967 -69.3560600138503816 -77.6124894004879309 -24.6591562961338902 -28.8938796050537263 -38.2930737406355703 27.4110600590548934
    -312.0116895399589225       38.0037263184837713      -25.4031953120727714        0.0000000000000000          0        188        129        114        132          0          0        0.0000000000000000 60.9880265049326908 69.1016755188004339 -12.1236941235192290 -45.0439140387778210 -10.1160043166400246 120.9326154447661565 100.0042975216048831 .0250488143007992
    -279.7744639329902157       -9.8578914508586628       17.6032322935492580        0.0000000000000000          0        195        127        136        126          0          0        0.0000000000000000 39.3412802919583413 82.0677484957878107 -43.0933336326158667 58.6074521364703500 41.7148133250717095 -46.3619660990705640 -16.4009520242206968 7.0511322540224857
    -307.3390521750793027      -57.1115644004132008      -73.9001553178216568        0.0000000000000000          0        165        118        101        109          0          0        0.0000000000000000 434.4108043256037490 78.2133987399350019 -49.8509844023534257 45.8528978534706084 26.0191141347411588 -136.5785245681171887 30.1439094263977267 86.6967587679522751
    -341.6698372188138251      -63.4709073104088972       94.2853441162150290        0.0000000000000000          0        174        114        103        127          0          0        0.0000000000000000 73.2005085253993713 59.5452091967267449 168.9686216182066971 197.4376064108700746 93.1336699540501343 149.5811360837136590 101.6925452463482600 90.3064820629427061
    -224.9208063853878912        3.3468500996048105        2.8956503333297294        0.0000000000000000          0        198        136        122        134          0          0        0.0000000000000000 12.7134564452741241 -4.1682905243562569 26.8101985812555412 29.8855564409166377 -17.0637001716910177 -28.8572236954249171 -6.8663530362721321 -8.2591833417535536
    -268.6329649612882235       28.3051636524133201      -29.3452465698621836        0.0000000000000000          0        194        135        123        127          0          0        0.0000000000000000 217.9965954598615099 -23.8891707044405521 302.3750562663555002 -64.1663662594594655 -55.8210020949822407 -31.1968290199863709 -50.9198754546041883 224.2530687541963346
    -331.1362672453620348      -20.9156893081836408        3.3397252139813092        0.0000000000000000          0        185        119        123        126          0          0        0.0000000000000000 138.8791985715891144 -72.5712533103486663 -96.4092503119468489 -85.5220893307267431 32.5469659083326874 101.7211010271355320 127.2586318266550194 53.8660094087706653
    -309.8593343444999277      -68.6863542653177745      -14.2272573065278074        0.0000000000000000          0        163        110        111        104          0          0        0.0000000000000000 477.7654782918043566 367.1270967540540937 404.3688760932366790 304.9434080125647029 -115.5515934225449257 -76.3365247795803015 -6.2379593503215380 147.9420839176499669
    -245.6774736123458354       45.1385750304580640      -23.0645788940303866        0.0000000000000000          0        205        144        138        127          0          0        0.0000000000000000 477.4175072072854391 389.5056608287154063 -9.4697871197742174 -81.5167978075895547 123.3679350653664244 155.9201202934399362 -99.9641221356542928 119.5417181317687607
    -340.5325055946099724      -54.2539324846700666      -22.3793864205087125        0.0000000000000000          0        166        103        113        112          0          0        0.0000000000000000 88.2318461670106302 136.6077910811576146 -23.3434542480851945 38.9592048148714696 74.4113588107364876 87.3529990040253352 14.0617034921788360 95.5166162082716568
    -208.0472620209575041      -28.6619929187053053       12.5673661462934874        0.0000000000000000          0        207        118        140        154          0          0        0.0000000000000000 56.6612753567535208 13.4514250816296475 -24.9101239900460172 24.0816955935631007 133.3055364143637007 53.7530421331565975 27.6884063352347880 -48.4814781230038321
    -269.4651480585259833      -21.6766623115803654      -26.6371126925285964        0.0000000000000000          0        179        120        110        128          0          0        0.0000000000000000 151.2020639779506439 -251.4476187715168294 -124.8515544285923227 -68.8671188461994319 -10.5400580271973929 -11.9456015440788335 -133.1135236123639061 117.3781067236001832
    -268.4448197766097337       45.9937193262841575       65.0291853617021332        0.0000000000000000          0        183        118        118        128          0          0        0.0000000000000000 120.1965315172589044 69.3349516471867418 55.1780919922824111 -5.1894621530868719 199.5341400549741593 244.8904516083176190 55.6393342694801518 105.5752051205674604
    -318.4021196763091552       99.7737538110589242       -9.3284046788360264        0.0000000000000000          0        177         93        118        139          0          0        0.0000000000000000 834.2686195690763498 722.0919481000362339 310.0063794820210319 302.6325513522862707 323.8596704967398523 -247.9383595871827595 -30.8094850613173605 49.3014759528406472
    -285.1158829035074405       22.7365140491818600       10.8186281243157083        0.0000000000000000          0        193        132        108        144          0          0        0.0000000000000000 27.6483035994725270 6.5645714088189866 122.3725897310077357 -13.1742416082357181 -25.3651873398673402 16.5744210320819612 -49.0292218919630685 -13.8435679939975529
    -264.4686612575494564       45.9279616482254269      -25.7084590100254893        0.0000000000000000          0        200        137        129        131          0          0        0.0000000000000000 23.8017176274609739 6.9640637771891409 -5.6959863940122375 3.8780166593488090 -54.5115886579064508 -21.7606071798518386 -12.2292687367386144 -93.6209914306628690
    -285.3543951616914001       -2.3213719036731204       55.4693578013940751        0.0000000000000000          0        182        116        114        133          0          0        0.0000000000000000 51.6057788275276010 -28.6812107459996923 29.3049464804358557 107.5260071843906928 96.6158716930640225 92.1941339879710569 9.8390663168251393 38.7025591387957419
    -295.7468610906885829        7.1248686905454708       32.9804196195418982        0.0000000000000000          0        176        116        120        116          0          0        0.0000000000000000 136.3894686454505063 91.1601034355105071 66.4515030207008550 69.0578439903349590 -133.5259688763721044 -92.9336444045795105 -18.7004762676923555 -65.8054583399455169
    -314.1785994339587091      -57.4083121438481072       43.1289047915906991        0.0000000000000000          0        184        134        119        113          0          0        0.0000000000000000 220.8868960629105800 234.6278668599173329 -23.5088174440206785 62.0725600210026585 183.3878934744562912 157.4749291892022711 148.7393108051440436 71.1163827245567859
    -259.5126142059329482        5.3404708259540730      -36.1165102756914749        0.0000000000000000          0        192        136        129        118          0          0        0.0000000000000000 24.9356711705497780 -40.3239321607415278 38.1244565719490609 -29.8772697395999849 -25.4755038956371394 -85.2941287745572794 -29.1245791028899035 -17.6200641930294566
    -327.7182707000619075      -84.8840813662946516      -24.5674185148810977        0.0000000000000000          0        173        115        100        130          0          0        0.0000000000000000 23.6492737704932878 -10.7924023571763001 -27.2015503193373789 -10.8095260986528316 -86.3477003552943785 -29.1530071721719466 -62.6441531492524746 -13.6494992493538483
    -308.3699621893237008       15.2564647476348370      -59.6693665665288790        0.0000000000000000          0        166        109        117        101          0          0        0.0000000000000000 24.9621210220881444 94.9144975693095745 87.5588005454902714 -14.2074368469470418 8.1489449373158500 36.3871329093971170 16.5599977028420504 48.8522376573833554
    -265.8110083490429361       20.3285415636536086       27.0435031881069534        0.0000000000000000          0        193        130        130        126          0          0        0.0000000000000000 150.0308712361423318 -136.7043487426599881 3.8146016547186479 137.5445613126870796 64.8982961835861971 22.7582004513054059 85.4975608143418953 5.8906029306884626
    -342.6856693240358709       34.4412995000972302      -72.8310325663756828        0.0000000000000000          0        175        111        132        106          0          0        0.0000000000000000 519.5347433679299911 172.2079294880851705 236.4923106314078325 63.5791217545354428 298.6275307748551313 260.0378866930988693 197.2517617120044520 88.2149846678195786
    -274.7809957111028325      -55.1487970552952760      -68.2907629379078145        0.0000000000000000          0        180        124        124        110          0          0        0.0000000000000000 100.7234497793586030 65.1751636208263676 161.4376171575096635 194.0280834764443227 183.3388216439266500 77.9093239979067675 86.8039413151861652 .0867890191984557
    -253.2633724213407618       -5.3214384117928386       28.5678788970037161        0.0000000000000000          0        194        132        120        136          0          0        0.0000000000000000 67.9461731504280095 -77.7447979895637928 111.5680256519218858 -56.2733535553128235 4.5030032339360844 -90.8605067169165892 -39.5704512386260561 35.4699379307092073
    -288.2377302286081431      -32.1945362887605029      -60.4171603175868199        0.0000000000000000          0        181        125        117        118          0          0        0.0000000000000000 68.5347281201016330 36.4201090211167227 64.5984817595309266 113.4506373722389014 66.2725028962202742 21.2937023214380972 -24.6969231390874349 -30.6002265187375500
    -310.7351220088883679       21.6805427260645445        3.0063299156078873        0.0000000000000000          0        184        140        112        115          0          0        0.0000000000000000 27.9231347916860777 -106.8035839892195042 -13.8654268944012209 64.9088390899187431 -40.7196579327968919 -39.0330648247685943 6.0043764650294449 2.7853323780492749
    -266.1720315930732568        5.3732634613644867      -42.0930625880190235        0.0000000000000000          0        198        129        126        137          0          0        0.0000000000000000 518.2365077462324052 55.5616056939170662 -105.7376798062690000 -67.6389180180133565 -68.3797531293428023 96.3208806162132305 127.5263520648316558 355.7688065351766795
    -353.9279089905574551       62.1105101314564010       -1.9022949333586421        0.0000000000000000          0        173        114        112        120          0          0        0.0000000000000000 79.0428257911252103 -64.4096262215611546 46.9300407836909272 175.7927858886100694 54.8784022062083352 49.9560470675978223 -3.5147117016827565 1.4453717835367570
    -245.5672162759783816       -7.6753770977382239       25.3946469824466625        0.0000000000000000          0        186        122        122        128          0          0        0.0000000000000000 14.2339976615177584 -12.5801463708133667 -15.9093319616083662 -5.6434067884685950 -62.2216789536703416 -38.6303519362442529 .8107789407031616 20.4362475501087140
    -305.9162707362339120       21.3087822805179350      -28.8612333888456760        0.0000000000000000          0        174        121        110        116          0          0        0.0000000000000000 2.7645346991205599 19.0994575998881615 3.3052676307240514 -15.5286116747041660 -15.3666590602069242 -2.4473490040507153 1.7673846746673032 -1.0427884312161515
    -263.9017200498666398      -14.4517665239634425      -48.0148979696866007        0.0000000000000000          0        213        138        142        144          0          0        0.0000000000000000 253.8141723598139095 191.9139454267421456 -207.5972746410739376 149.9111637536983039 108.0492004072383168 -8.0599276881540760 130.9604669341278793 159.7917607775367799
    -315.8600331240255059        8.0300688729595642       39.5907529904998015        0.0000000000000000          0        188        118        128        128          0          0        0.0000000000000000 20.8531149701370957 63.1999126614714939 28.0621662095224451 52.7405958272477164 -41.2866099606524273 -14.5073699066926771 41.4247069236205618 28.5718106309395452
    -283.5309260235775355      -10.3136804748685922       27.4921603840028119        0.0000000000000000          0        178        112        120        123          0          0        0.0000000000000000 121.7597841905739386 175.4331935261912463 44.2323442837301641 34.2032995722201818 -2.0374412749108757 -16.7494548068940929 -195.4428098811473831 -83.8129362102986448
    -365.5507015467086944      -68.2197658833948566      -52.8399168428292541        0.0000000000000000          0        164        102        104        122          0          0        0.0000000000000000 97.8365207720589325 10.3357857447784731 -7.2170385301372733 -157.5516606188266167 -163.3184168026359941 -177.3240156027339935 -41.5321825249294392 26.1945196109413843
    -282.1692064490992493        4.2973879097752228       -7.9659736222899209        0.0000000000000000          0        187        128        124        117          0          0        0.0000000000000000 194.9888673538779642 -59.2251848394063956 31.9498177110964434 72.4124743954680099 -259.2807704227589625 -2.6075708449418187 3.0380412643647752 142.5521685609410270
    -372.5967634115833107       23.2463076391097125       66.2546490371533565        0.0000000000000000          0        169        107        115        111          0          0        0.0000000000000000 204.9488828834173262 211.7636085378486257 18.3353594779836300 -282.0638901213043823 -15.8553334420260086 27.3449023027982498 368.1569220195867729 267.3947674743936886
    -361.5384358936956914       -1.5075859378377507      -17.2043073494396417        0.0000000000000000          0        181        124        112        123          0          0        0.0000000000000000 312.1165205376453287 9.5269801979762008 -89.6320194170613576 -75.6810182817047234 -53.5379212906816448 -92.5807325302256174 213.8666492017285918 -17.4077639299628686
    -309.1467778148092407       17.8280078305987431      -21.7601123232544147        0.0000000000000000          0        184        118        137        112          0          0        0.0000000000000000 75.9050249587704968 47.5188866429065087 86.8857054899022501 -31.2422770120941173 -.4695102551583190 -54.9350921871320992 52.0989596401981601 53.9793585206692939
    -304.8149044289622793       53.7244454726769334       -8.2863133998454082        0.0000000000000000          0        182        122        126        115          0          0        0.0000000000000000 127.9020473140419369 -34.5184408861871717 181.9556442265403007 61.1824102435136652 129.3780982260638268 59.9648187920422941 117.5169130617906177 -28.6448857251022595
    -292.6542423220968772      -15.1883702246641157        1.4540146674149632        0.0000000000000000          0        186        122        128        122          0          0        0.0000000000000000 35.1223588104488016 4.3566901025269580 44.9892880155338375 39.3483178828430908 -24.3969543971386038 -65.9922407232088091 -80.6336001987319975 44.0354044060488619
    -268.5034517379283443       20.0911251916386036      -14.6383077752698565        0.0000000000000000          0        187        136        108        130          0          0        0.0000000000000000 34.9402581993537851 54.6169418097428760 -14.2815410572376624 4.2839710920445704 -30.0311431347245588 -61.7598044502824308 -99.1978316457269358 96.2414541236208549
    -248.3777848678730038       34.9055053238312567      -17.4524254346010075        0.0000000000000000          0        203        140        135        130          0          0        0.0000000000000000 246.8820525400208794 -38.0693359685382333 -162.9041415070705625 85.9145905196971285 -40.2707337441996316 115.5117561102897810 358.5636886246091990 20.9738693976869399
    -259.3823810305756865        1.9777669083204139       31.7669998465717462        0.0000000000000000          0        190        118        130        132          0          0        0.0000000000000000 32.1197383199393727 12.3333535576362099 61.3492200112705959 33.4268336470115273 -23.8284538902275429 78.9197705051737870 -9.4590936134357975 -5.9784154392247277
    -303.7117247286667521        3.0791250060622808       50.8812171542415470        0.0000000000000000          0        182        114        118        132          0          0        0.0000000000000000 154.6917963841346477 113.8792935545266971 -104.0270771882316296 -152.3337934887941287 69.2149238603686854 210.5856939634166736 85.8064298556244012 72.4390993824451925
    -323.2551515947347411       28.5736412433103588       23.5096691553968817        0.0000000000000000          0        173        122        112        110          0          0        0.0000000000000000 64.4879581619699422 -86.2069591937337663 -24.8864448785789065 -97.8513891675932825 -71.6175464866655602 .5375692506580769 -67.9572360129736381 191.6220130140147830
    -268.7044692782865809        6.8919179560226320       31.4161698002194250        0.0000000000000000          0        199        127        136        133          0          0        0.0000000000000000 265.5532876593694596 158.6717229147344028 135.7613260881391852 61.5625416551173927 -191.4852336512979321 -132.3946656848135603 1.8087231270806541 61.5364516847969938
    -267.5495220824736293      -28.9761145479860076       13.7982871125178459        0.0000000000000000          0        195        131        128        128          0          0        0.0000000000000000 417.6503541280500258 126.1379755655084693 42.9675807077860483 240.5537803714415190 -198.5689907574773656 -198.1419913144800091 -134.7215818435973063 206.4248665145100290
    -308.5878888983332331      -39.7163370401820259      -31.4919201597567948        0.0000000000000000          0        176        112        125        114          0          0        0.0000000000000000 195.2538420865673459 33.9227670087446427 -69.0590087954018657 -250.7333388194618351 105.7456652245194988 128.0693372983243137 202.3725885624109821 181.0613199098054622
    -297.4785125037892612       22.6848860748746119       24.0802359741819885        0.0000000000000000          0        180        118        125        116          0          0        0.0000000000000000 10.2172807389364788 4.0886463646948235 3.2187172974696807 -35.7419614150425105 3.2878284783565075 -30.4359138620750755 -18.6408758676809896 12.1967202394555336
    -302.0080069058651020       58.4103476684788134       29.2592262179404088        0.0000000000000000          0        186        122        128        122          0          0        0.0000000000000000 131.3450945353839074 93.7922174126388484 119.4760209343739348 32.5981295024855484 212.8890409280786571 -84.5606471768029309 33.9121419204415275 75.4773908632924844
    -283.0305962587013369       -7.9369658586180787       52.2201055629188460        0.0000000000000000          0        193        132        130        123          0          0        0.0000000000000000 179.7769038676487412 137.8549641648502302 39.3119721615394724 138.2769943290367110 15.5029145601391534 -116.7649422319472166 44.9707553683188337 224.9355125514893246
    -309.6348537191430523       32.9180454952161838       45.3231125607263365        0.0000000000000000          0        180        119        124        113          0          0        0.0000000000000000 103.6249168854625964 -36.9634825214372711 -10.0465399357456207 39.6476737953420368 -11.4490331780153252 147.6896841793421800 78.6512835231255281 132.1801360429472538
    -384.0178594500515032      -72.0946434306014936      -23.4718846318959571        0.0000000000000000          0        150        100        104         92          0          0        0.0000000000000000 271.5785475517729992 70.3896493931912488 40.2559626893294720 -72.8516643415158143 -10.0033790877636761 -51.9704434341450394 -176.1526535624998360 105.8569356336520002
    -346.0475087864412558      -45.5345231988918826        6.8596168890188567        0.0000000000000000          0        167        115        108        109          0          0        0.0000000000000000 455.8510357551184597 261.0546913432317524 196.2145719015699115 51.8176329034582892 193.9336796879333349 -351.7789812622358454 -136.7921220118020926 238.6452999818217506
    -300.2227438082937852       23.8394752259167042       27.9179313479202165        0.0000000000000000          0        177        123        111        117          0          0        0.0000000000000000 5.8489084563249021 39.0186194239358457 -16.2004020134622699 1.0357227186906979 -12.5335366090927600 -15.0946528047924353 -28.4019049603951146 -36.1050095988730320
    -330.1259499696587341        2.9487212352745704       65.5884375868054974        0.0000000000000000          0        178        132        106        115          0          0        0.0000000000000000 13.5869457915738430 25.6030487069123787 53.2834195532247819 52.8397861562192759 25.4226650488688080 57.1008387295400297 23.5344671427831926 -20.6518564845835826
    -333.4058443501560305       -7.4162046207104853       81.2477233611370337        0.0000000000000000          0        176        120        106        122          0          0        0.0000000000000000 64.9809983544524528 -37.6870936812871662 18.5749848522404406 -2.7297815661625924 -111.2092115342440195 -133.9836154395123913 -50.2699051526361984 -139.9940102140780311
    -323.5248844209068011       50.7840972387387311       20.2067150127541346        0.0000000000000000          0        183        117        124        119          0          0        0.0000000000000000 81.9286066644617392 -15.5159181776075741 51.4212842337523881 -56.4927190367124297 41.6132926469175999 79.0852034064093630 80.2509771178022930 109.3656935715968643
    -323.9680339630519939      -68.6676817723157029       -5.9596285567726506        0.0000000000000000          0        186        118        127        126          0          0        0.0000000000000000 374.9828380163527299 34.1210465466781372 162.2634592945969985 51.2468989842188947 -59.5294953476078774 68.2113401685263057 290.9983643701317533 138.8906198590630368
    -293.4071822274278816      -84.3113829620903346       -8.7254896615798021        0.0000000000000000          0        194        121        140        126          0          0        0.0000000000000000 398.4568648495181264 261.9586593513174648 188.1405314943876874 223.7075336643335959 129.2082098699359847 149.2967570239583779 85.0337954480930307 -55.6807908099647051
    -267.2342452232279584        7.7567130880280928       80.0480561443427661        0.0000000000000000          0        185        130        112        126          0          0        0.0000000000000000 44.4631272503987276 -13.1966348927495929 114.7509911103549598 72.0698831014280188 120.6643299219925609 -29.6707573436547172 21.4379198428450053 41.7514172919429853
    -281.6561638544318384       18.8205750850193425      -59.9336096164129728        0.0000000000000000          0        179        120        122        114          0          0        0.0000000000000000 499.5852571240180282 1.4226519349573650 16.9543426272635998 -3.5978989002351796 81.5332087584794181 208.1891501264190083 362.1878967145170236 233.4125974170652569
    -286.1485819196016678       -9.9554355626983480        5.6410528334681951        0.0000000000000000          0        190        124        130        126          0          0        0.0000000000000000 74.0023771415476546 46.3991119716061533 -.3041808737840819 48.0894569160765499 -58.5659047901207970 -3.1998107048374749 -2.8474742042658967 -14.5163470741466583
    -266.4498922629537674       39.9917381965538397        3.6703705266777251        0.0000000000000000          0        202        142        132        130          0          0        0.0000000000000000 284.0034539017375437 -44.8750662182648057 -87.6905189756537595 -.0141599911450214 -125.2720475496541894 226.0824981292244047 195.6139910821666774 68.3854297186254314
    -316.7843173847937805      -23.0426477309844948      -53.4530953701307538        0.0000000000000000          0        152         90        115         98          0          0        0.0000000000000000 2.2134884189181387 -8.8780374024748046 -6.6382780385535725 -6.8134317237524415 -20.9701280938746919 -22.8369477933582310 -16.6574226062892876 -5.9632794118751900
                   Energy                      Mag                                                   F  N clusters    N vorts        nvx        nvy        nvz  N strings  Max s str            <l string>                Correl
