                   Energy                      Mag                                                   F  N clusters    N vorts        nvx        nvy        nvz  N strings  Max s str            <l string>                Correl
    -144.9547450055831348       -0.6615538292409651        4.9820217963729174        0.0000000000000000          0        218        146        136        154          0          0        0.0000000000000000 224.3016129078849872 113.6758923285364915 -235.5210217546648437 18.7796407795336009 26.0244453942064879 -71.7393267190060158 -90.3373278136766658 53.4036118357332157
    -182.3971977208178430       29.2219697740208275      -21.1212266510638216        0.0000000000000000          0        205        149        128        130          0          0        0.0000000000000000 7.8557223904084763 -15.4510412257043566 -19.3447178154471899 23.4273521318489983 -7.4626986876036474 -48.0114224863486214 -2.0269754067123404 -39.9032090155492583
    -201.1006767955931309       45.7979270211917537        1.3931771163877760        0.0000000000000000          0        213        144        146        136          0          0        0.0000000000000000 256.5397002596010907 -197.4551679411550822 -150.2482621227163690 22.8538704333917906 -150.1628264973261935 -22.0676639413037385 -150.4805134636203263 -134.2811158447148898
    -199.1385203374761943       -7.6615556541528536       16.9417834947429498        0.0000000000000000          0        201        146        127        127          0          0        0.0000000000000000 157.1857646676119771 140.5834726018968297 -18.9423064147798179 21.0515058925636538 106.0575362090226150 -13.1758345847088538 -87.4606609568186428 -118.7305774000932104
    -183.0437121572605292      -33.9760651229151307       13.1086892866455411        0.0000000000000000          0        211        153        139        127          0          0        0.0000000000000000 147.3159038444298119 -43.6011548476058124 19.6995149520770738 110.6931130450819580 93.8206763381903244 33.3452510318442350 -150.5799027037322162 157.0064495756022040
    -161.7040723325630154       -6.8316097542643304      -12.2511526093718430        0.0000000000000000          0        207        139        140        134          0          0        0.0000000000000000 23.8875170011953202 -12.2966129603601431 9.4357532201920407 -44.3173451861645020 -19.0129032545519046 30.4635754185459859 51.6000349743099349 -3.5998010501925091
    -200.6745277698434791       -1.6221243066888664      -40.3838964786891239        0.0000000000000000          0        229        160        151        144          0          0        0.0000000000000000 86.8969047665385261 5.8117243152342954 .0181556054221126 -165.8873948503642737 -97.7924007986777042 -65.7841604844269199 -77.4381559865969678 -21.3548484484652263
    -183.5745316321144571        7.2764702083676163       31.9259193227607980        0.0000000000000000          0        221        150        139        149          0          0        0.0000000000000000 132.6747351643023194 18.3503721824812409 70.5777865241416720 27.7813616594380051 105.5605955080155098 -61.8897197669448360 25.8342596365831554 -103.7644171707567438
    -224.4119097107699758      -37.5375398561789169      -10.9851648522932468        0.0000000000000000          0        207        130        148        136          0          0        0.0000000000000000 101.6923866989790781 83.7404163111197164 112.7830663348560876 145.9943185270396384 30.8152996186746080 43.4118124643847452 -164.7457126254491868 -25.2113458810773992
    -242.8035778013213246        7.8446957919728852       -4.3699165283589227        0.0000000000000000          0        195        126        140        124          0          0        0.0000000000000000 107.8358468416048765 -77.3668661652957041 -60.7307670717328136 93.5410339864207145 9.2078657625338849 76.1814099590492901 1.9530548236208887 -79.6681458052235456
    -242.7938074457200912       44.9513478223963929       -8.7945729951603013        0.0000000000000000          0        188        118        130        128          0          0        0.0000000000000000 155.2402288799660823 67.6260145687785297 36.6185114954194404 -94.7133873527003800 54.3081171741366759 68.3131107243156919 77.9784330817252282 116.6543003470911515
    -181.7058932961762991       13.7313502209459379      -40.5154372489561467        0.0000000000000000          0        202        130        140        134          0          0        0.0000000000000000 96.6641552878905941 163.3785576834574726 57.7496368894785022 109.4898357985447035 18.0255382258774972 -15.8367580881262757 -27.4424664609746145 -3.9533854048951680
    -205.7639581620706224       37.9119561609957074        0.4777379743724865        0.0000000000000000          0        206        136        135        140          0          0        0.0000000000000000 158.4284663275274454 110.5487843874961555 -106.7090594398243866 -187.8691514587223139 63.7984540819250583 159.1872848165836558 116.9598212167236255 -2.4210128565801838
    -180.1187625283266129      -19.6840181259898586      -15.2227724791494943        0.0000000000000000          0        221        152        148        142          0          0        0.0000000000000000 75.5176345781221414 36.0986814542990970 35.9669834866190925 -7.9951905215936989 -66.3276721029435947 8.7217980557423118 135.3383558833832865 -8.4611861071854229
    -156.5680587580561394       -6.2571054405388162      -15.9407570621486947        0.0000000000000000          0        208        144        130        142          0          0        0.0000000000000000 178.8161738996448662 87.4413308448070410 55.7598491620004992 93.7532635877262663 -114.3354533429603919 -80.0729315925489118 70.0605192758450812 -69.3924372684190729
    -199.9521974739661516      -32.3731165921813044       -5.0640021637339103        0.0000000000000000          0        217        128        153        151          0          0        0.0000000000000000 146.2791513733152442 18.4949432477574440 121.6806287999529985 -43.5887419897841681 -114.9268032889530389 1.5140981853058300 -100.0804519280761582 -41.1979977274401108
    -218.5791304537408166        8.2716361969489736        4.9065728091094902        0.0000000000000000          0        206        151        123        135          0          0        0.0000000000000000 14.9789388434594759 -30.6894170734269878 .5773182107843438 17.1665623539055652 18.6344358940462946 9.6222650277205020 -4.9272129196625620 10.5345040945837276
    -213.2304458470668749       34.4532832621430387       28.3932349381590647        0.0000000000000000          0        206        144        130        136          0          0        0.0000000000000000 375.9697652390102576 -6.3805356838069791 306.2846617580135558 -139.7822039011597894 -4.5237606219312028 49.7391009038945739 148.6096534662512454 80.5887412874616444
    -209.4920428364677605        8.8657435500281760       25.0970591221748371        0.0000000000000000          0        192        137        122        122          0          0        0.0000000000000000 293.1076166397572820 215.8050928568007691 148.7831616210777383 -190.2051434747008329 40.5288240706540748 -303.3870034114926284 119.7768421676871071 131.2362744946716475
    -211.9909133665738352       -5.8684365407344279      -49.9341469105705542        0.0000000000000000          0        202        128        136        140          0          0        0.0000000000000000 40.5043960105351104 14.8627840521674397 -74.3642873707490963 64.8383594148978659 49.6088828214726760 11.4081726135247088 117.4649906767393759 92.9194032022104182
    -226.5980852948598283      -49.4176609054649134       48.7116681103449736        0.0000000000000000          0        197        138        138        117          0          0        0.0000000000000000 49.6118240473406473 -73.6770574560794245 -33.5937405593028942 -20.9769654539744757 -28.8737201329578461 41.4487239728982573 -23.3653573164143396 77.1766024627359712
    -234.8646072843835668       69.7134974789332063      -51.7260067153913567        0.0000000000000000          0        206        140        134        138          0          0        0.0000000000000000 314.4382724348865281 64.5629629623541064 255.5532324540457125 196.8801988142200798 154.7831521435958280 135.6217947624973590 203.0042262612782338 159.7220236018916069
    -165.7323029459581676        6.7322549130645530       -0.4984711889450328        0.0000000000000000          0        223        158        143        142          0          0        0.0000000000000000 49.8923179573617546 -44.1410273390124246 -18.3901375979636796 -19.9572334787471206 -30.9690401190433526 74.5358314579815584 -35.3183750650848509 11.7272338494383952
    -215.4547074676589489       33.4687913010864690      -42.3213285660535590        0.0000000000000000          0        192        138        115        130          0          0        0.0000000000000000 391.3022698994719804 .2921140147313785 93.1380738712375233 -47.8581139884590101 38.8969809794222243 -126.5369288660441640 -72.9628386306581973 156.3326766003704051
    -169.4564769588331785       -2.4766535163213899       15.1264753430449606        0.0000000000000000          0        213        132        152        139          0          0        0.0000000000000000 52.0202580483670616 40.6382625137956950 13.3670105682484106 -19.5733160469547407 23.3697741734828419 -2.5613767280440030 -17.7929416197487313 20.0038986561666015
    -154.8757108205832083       60.2347611457738665      -13.6205989169871575        0.0000000000000000          0        233        160        156        148          0          0        0.0000000000000000 228.8240320348270700 -71.5754443493552799 1.1991484000871395 48.6927648511727398 110.8613022697919916 211.5274753636132630 58.6338273547763009 186.1001770082003191
    -167.4103717030278062      -14.7729622993904286       18.4886627146368809        0.0000000000000000          0        221        148        142        152          0          0        0.0000000000000000 98.9071748786807206 29.6706655732813971 -38.8767570217456750 -40.2104804668469598 -85.2660049030162668 -39.4306762304837690 -.2614477661977759 58.3967166439335941
    -156.1641292618470516      -68.3306819267789933      -25.2633085477783332        0.0000000000000000          0        227        142        140        172          0          0        0.0000000000000000 41.2501308501070341 -.6389592609701147 68.1151922826975067 2.1216604451226226 8.5540996506824243 6.9337151990577794 73.0501212982769488 161.8649800949038990
    -231.1315032774611495        2.6745391617769076       46.1529842505164041        0.0000000000000000          0        213        143        146        133          0          0        0.0000000000000000 15.1678840274921463 -19.7887480505176185 -28.0285969701705753 -4.2145036533216889 -35.7580836467234136 25.0062491154657067 -14.7168910189383375 41.4904571569871337
    -196.5282722493356573      -37.8282225704632040       42.3144922710816189        0.0000000000000000          0        206        140        132        138          0          0        0.0000000000000000 135.8035460697961980 72.6116061849821506 109.6287651910945726 165.7196605661200408 102.1390990904071145 -117.4873580437842975 150.4210289395925599 -33.7458518640173892
    -173.7444763963410139       60.2825304740347576        5.6934439024040673        0.0000000000000000          0        213        144        140        138          0          0        0.0000000000000000 9.2204786727560375 24.8269586632019248 7.4669973601593238 1.9802524299901791 1.7825592974729343 18.2691220266685086 20.7130201235803497 23.2243569037906497
    -169.7145738009630520        8.9830307722681155       -2.2422495954959745        0.0000000000000000          0        225        153        150        144          0          0        0.0000000000000000 126.8609782624089348 34.1869782195218050 17.9120518616561810 -48.2327828501875970 6.4520172934099236 -13.6313995369747296 -23.8662288678062851 -118.3070149422821657
    -213.3916473724649450        8.6221165964024120      -25.8769638873418018        0.0000000000000000          0        191        122        120        138          0          0        0.0000000000000000 62.3689328241557774 5.7729317305105852 122.8198710640489111 -50.3813429167836091 -70.2478385118036499 -85.8322155170469756 -115.7218749571201641 53.5560440616943154
    -136.9434422154419337      -31.3272134562937161      -45.4945825617850517        0.0000000000000000          0        226        150        149        150          0          0        0.0000000000000000 309.4876884106698753 152.3176944292573296 93.4922155610525039 82.6453790225597515 225.9143313938801612 -73.3311155934250110 -38.7157647592296001 217.7464912454950650
    -211.4150314910621375       16.9932597986338116       28.6709121849043775        0.0000000000000000          0        198        127        124        141          0          0        0.0000000000000000 35.2461538150071831 17.7569133136898074 -32.9831589414134783 -93.1747425858625178 -24.1904965188754204 89.3835906226625809 37.7247143414888697 -22.0916319037562268
    -200.9700848301417011      -26.6073916940442352       15.1740601768967398        0.0000000000000000          0        196        135        132        124          0          0        0.0000000000000000 181.1374605024877269 87.9314976385296916 102.2241421392234315 -15.3263073203216180 -84.4528824638971400 65.1642474639610896 -32.1562366117819778 69.3730628368068807
    -152.7903671027489452       15.1717360913953883       10.9337846429725936        0.0000000000000000          0        213        145        142        136          0          0        0.0000000000000000 26.2554877432186196 10.0325090371141457 89.6650900977192862 -63.8989052736546910 -27.4777511732102298 21.3898312515617697 .0917742508077266 38.2986768585647042
    -165.8326008973427577       -6.0838243812339714       -1.5678136933782612        0.0000000000000000          0        216        154        136        141          0          0        0.0000000000000000 190.2083489829678342 -11.3439850885368188 -51.9693821890242305 25.2035381854034028 20.4316277971489662 10.3602763656164356 -39.4589834747476331 -62.7045216120335311
    -182.9652849202379059        7.2251466327565019       27.4530251494304558        0.0000000000000000          0        219        143        140        154          0          0        0.0000000000000000 313.5105099004779845 153.1429661729306133 70.1627204365659765 142.3649714196868672 27.4802881171802547 -64.9411378040247627 55.5886675720980179 -203.9812519583801134
    -191.3853009517051191       18.2835714210300218       19.7494822275078725        0.0000000000000000          0        216        132        141        151          0          0        0.0000000000000000 58.5450409300662429 51.3698787170630311 -74.0498121675778691 74.6200156221478039 140.0807387046021404 -3.4203838566327867 -45.5701865404023536 -68.4070892665985326
    -229.2358257203652272        5.3185376090888186       -6.6586630699737279        0.0000000000000000          0        203        136        142        125          0          0        0.0000000000000000 97.5991937076097855 -6.7209724095578718 -149.4686067761368236 -64.0212940999324758 119.5017025098606496 -6.4437358467107142 -70.5041811035779489 86.2223551034977191
    -192.5941825406197836       11.7842379857890229       14.3192897274137039        0.0000000000000000          0        219        146        142        150          0          0        0.0000000000000000 48.9553386327743638 16.0310228137024851 -38.2428062504737838 -60.4028848053924889 -58.8967068102396070 30.2395266620444758 -33.3260109687087720 28.0806908283478194
    -233.2418508154626124      -31.8631515253814648       -6.0306979395157656        0.0000000000000000          0        208        130        138        147          0          0        0.0000000000000000 19.1642940409997173 -43.8118360519550194 -48.1833100751000458 -31.6925120836843490 -13.0275561064051750 -2.3861720336199674 -22.4986694524463182 88.2282894759044041
    -234.6734933400472300       59.0209452567591697       -8.6207513397451159        0.0000000000000000          0        196        118        150        121          0          0        0.0000000000000000 115.9792516859376690 77.6987386344229520 8.1006165646923520 214.8360216610867610 43.1874458690044278 -94.0089313202779948 105.1778739545747499 111.3992800752062351
    -196.0314315156715566        8.3471314043097067       13.8751860488584224        0.0000000000000000          0        204        137        130        139          0          0        0.0000000000000000 301.2319851012560434 19.9764387928717611 -81.8614043750692701 -304.7595959852497458 114.2148890080298997 -134.3621042166374195 -125.5827998032832227 105.3772861856655538
    -208.3517651213328747        6.8120201066900172       36.2504492001287630        0.0000000000000000          0        212        145        152        126          0          0        0.0000000000000000 10.6698842261796152 -25.9101700840017379 -7.8457152015955263 -13.8938294117216294 -8.2456754921066064 -22.4018398048041121 -2.6773278401050113 -21.3748159480805313
    -215.2973380570756490       81.8704484151079868       32.5367934213326677        0.0000000000000000          0        199        135        127        132          0          0        0.0000000000000000 195.4044138653057132 -14.0827731180830042 60.9966131647696557 123.1257785129837430 -4.7558458434912509 141.7010549103965786 232.7747307855116219 104.8849119648436812
    -173.9206247301493420      -16.2281571623837877      -23.9099685904269244        0.0000000000000000          0        212        130        147        146          0          0        0.0000000000000000 242.3443291887080022 -204.9781286148639481 -117.9908199389005006 26.5712022200360067 189.4535030040467234 -71.6767037852861506 113.5536323496540660 128.4190223967530073
    -179.4165567239849679      -19.0000265662889198       53.5020775113426907        0.0000000000000000          0        212        125        148        149          0          0        0.0000000000000000 335.9693124800606938 103.4674208721885691 -93.6935724937358856 130.3994608288705308 131.8699018363463153 153.5541378657608504 -13.3952537020998506 239.8649604680655614
    -168.1106379470533909       -1.7222714224862710       -9.7001780633330430        0.0000000000000000          0        209        143        138        132          0          0        0.0000000000000000 345.2431128134198275 4.3945200374215965 -96.6789283133666260 -46.3522588662656574 47.3496667229680952 -217.4480248977376959 19.7368851519751303 95.2278647191610048
    -186.2009751411564764       -5.4151617962647336        5.1431549348381509        0.0000000000000000          0        203        141        134        127          0          0        0.0000000000000000 3.9174485823250809 -2.8875377171757748 18.7943083553175967 -3.6371053020714310 -16.5288696877366803 -1.0151028529820287 8.1641457752353510 7.9743057505143797
    -235.8454514766293073      -39.1974147033664408      -31.3511677124363750        0.0000000000000000          0        204        128        142        136          0          0        0.0000000000000000 252.5756422546581348 -101.4743380310161456 185.5766839571193998 188.0133005214241280 48.3117257823519495 104.6974507147138809 -18.4202100167826437 134.1514610665537646
    -202.3833583758907650       -4.9409885590368088       13.1114376587983124        0.0000000000000000          0        202        134        130        140          0          0        0.0000000000000000 47.8911271485492023 -5.5703963609796228 -19.8907262666896294 -3.4304048799697044 -2.9623521652220148 12.7861899134000740 -35.4571212082923921 11.5254799699035537
    -206.2454107109376196      -20.3765991983287336       25.5336816728015634        0.0000000000000000          0        208        138        129        148          0          0        0.0000000000000000 61.2532748161549350 -42.3352617530675914 22.2975698105622868 -65.4962367770684324 47.9407802601262603 56.6393088260784694 29.2228867423566854 5.7269704911788661
    -220.3762605798287382       40.9689555513868768        1.2814067166091023        0.0000000000000000          0        213        150        143        132          0          0        0.0000000000000000 367.8137834981495189 -95.8212901230555900 -110.3701904828946141 -177.6025487745413614 146.9464989590951518 230.7840260456779333 -212.3069038313169017 25.8386651313678399
    -189.9823560107297169        2.7518188686077156       -9.0490443422658942        0.0000000000000000          0        210        132        141        146          0          0        0.0000000000000000 86.6244323809959269 51.4318740651942505 -51.4443152007468427 -110.2913673202536131 -19.5132226690760291 -31.5554533345920092 -56.6833395682676695 44.7216106280047683
    -226.7804562632541945        6.7556802806450129      -54.3476655493871306        0.0000000000000000          0        203        123        134        148          0          0        0.0000000000000000 270.4790997546149356 46.9185262048612515 83.1096175249182494 -194.2977786529180264 47.7112240237789109 319.3915810955035113 -18.8508121410399596 164.5103621550835271
    -237.1956478974171318      -21.9527079282947390      -30.3438090613434817        0.0000000000000000          0        194        115        137        134          0          0        0.0000000000000000 63.4437068687975696 86.1944888906244557 -32.4684869561414544 84.5821259878301674 27.5639296500494879 3.0621641749896371 39.4972607510941245 -45.3268521500528792
    -218.1971207436636746       13.2608563252395015       10.2796796293259227        0.0000000000000000          0        208        146        127        142          0          0        0.0000000000000000 161.6292516395334076 61.2559418401518911 -116.4777552058266394 -45.5810736315746396 -8.9093028629366291 -46.5898719168055351 166.3714553636527853 21.0766652032640387
    -166.8278938342050424       -2.3520180135977085       -1.1905710669551266        0.0000000000000000          0        227        172        126        156          0          0        0.0000000000000000 .7814950902918197 14.3445583682483893 .5885356186472857 -9.1604678453483892 -2.4760712631114750 -.0322274599923968 -6.1187133369570565 3.1823630026065257
    -171.2912513762074980      -36.5796177731477101      -35.3201343072857981        0.0000000000000000          0        215        138        146        143          0          0        0.0000000000000000 45.5686830731566914 -57.8809925700215260 -70.7515935476302218 -80.3815583683417287 -60.4413289269857472 -67.7165034259823386 4.6172628261781092 -54.8344887178164768
    -194.6334440515582287      -23.1774606352839037       31.9271179036742403        0.0000000000000000          0        203        136        132        138          0          0        0.0000000000000000 235.9070575898294919 -92.2218337307444216 -6.2022354670011151 134.7491213795704823 169.3907738564653584 27.6087747387092719 31.8952022619751041 -123.6078695052681695
    -172.7815433333123849      -11.0091445819446250       23.3232085489102019        0.0000000000000000          0        225        153        154        142          0          0        0.0000000000000000 39.5232122237698889 60.9042076295306458 66.3068993128707973 37.1715693348614877 -66.7616421209765321 -159.5664295866213536 -31.7667172244254488 -42.6952541536218604
    -206.6210030791301904       -9.6274126262011830      -14.4870106723425529        0.0000000000000000          0        196        113        140        138          0          0        0.0000000000000000 2.9588048577621011 -5.8359123390724532 -12.7968063223629223 .1828821778299878 7.3422178560918647 4.0893512390801021 -6.8734090737473021 4.9153084080728560
    -153.5402969360367251       -4.7222482407728092      -10.3718876644892433        0.0000000000000000          0        209        149        120        146          0          0        0.0000000000000000 46.0908326025913766 3.0414942254388286 64.0208935970890991 -64.2483842126186318 8.7469314235290412 -50.3457503777703650 5.0990776442347396 61.8407503580590259
    -209.1402285349077772       40.8276865101513522       -8.5108665499898972        0.0000000000000000          0        208        148        142        121          0          0        0.0000000000000000 166.0730560892072560 21.8238503044255410 -46.6886816354826237 -201.0878521609967038 62.2748305194394263 126.8626639604962492 136.8906536923280441 60.1292719416135668
    -232.5128090602930797       26.7282483500747539        1.0354941357593392        0.0000000000000000          0        207        136        136        142          0          0        0.0000000000000000 2.7324564801136426 6.1041300077333212 -16.1355751195221160 -3.2040116087686443 -1.2225410260067822 10.3100272484299751 -13.9385285729400152 30.4447146846904175
    -236.8477230688047257       26.0419701317954768        4.2209319044645861        0.0000000000000000          0        200        138        121        138          0          0        0.0000000000000000 22.2127064044520885 74.6838813614175479 29.3951408799282490 -41.7730852163824125 -2.7737255508197984 .0128427202845334 40.6428747627289226 -3.7947904316514069
    -179.9508330096425652       20.2775161708654288       41.1499373467715941        0.0000000000000000          0        218        140        150        145          0          0        0.0000000000000000 21.7596263087775945 -6.0770573440599609 40.2892490629674143 -9.1103051110239281 26.7370932587623926 35.8484898834635999 48.5348636356883532 10.5169095829972168
    -211.0545399764777414       21.5618187849992005       38.8966705086358999        0.0000000000000000          0        205        135        134        140          0          0        0.0000000000000000 12.1472415931218993 -27.7698720915380797 -12.1163676431966127 -13.7260680269454962 -37.6864664965393317 14.5821716882083745 -18.2909136461997939 6.0618553898217957
    -165.3899985410559168      -26.6026330097630499      -45.8369340037830000        0.0000000000000000          0        215        136        154        138          0          0        0.0000000000000000 49.1018013187043181 -46.3767077989892300 -98.9156653230176062 -54.3325428176937208 67.2863076275360470 -13.8357700844519318 48.1917269395062391 -42.1767152358838473
    -219.9127451181188633       25.3231700943833182       35.3542653507109250        0.0000000000000000          0        208        121        138        155          0          0        0.0000000000000000 153.1842388421875398 46.0408850122426472 112.0392915546943584 -79.3201001583801002 50.7773944305562850 57.0476484353354323 96.6903160282175946 61.7715216029921947
    -191.2372702168578940       -9.8653279557288265       -3.1945885929590156        0.0000000000000000          0        204        134        129        142          0          0        0.0000000000000000 79.6420833152293710 -.1132167888613065 -8.4359097157442093 -84.3035510307872613 -71.4248747309839018 27.3776748928325162 54.8132529838421547 74.5877839121757233
    -228.3187635446938657       31.5637618354199283       58.7754557849096386        0.0000000000000000          0        201        132        135        133          0          0        0.0000000000000000 118.7424716475671573 92.0186894486968470 67.4383190288847061 -20.3294409938566680 70.5674924134338255 7.6674857336877587 86.0144798679702376 288.5264314314925400
    -212.3668624849321134      -22.9811796462060158      -43.7771124581333240        0.0000000000000000          0        210        151        127        140          0          0        0.0000000000000000 297.4171882546110055 7.6838483173011314 -9.4101078289414861 -23.9110193632652965 241.3580184328642417 7.3348582826072715 13.5989197614974344 102.2420060885692124
    -145.9696666872031017       10.0493008790431553        0.0880201047892699        0.0000000000000000          0        220        132        142        165          0          0        0.0000000000000000 46.3754465092048918 84.2276628453469414 43.5684629271715025 -23.2293143387826504 -18.3765286620376713 -.6445357353915497 -62.4285000229530240 -6.6727367114850642
    -189.9928237429888043       36.0060208631021723      -14.0529709882251286        0.0000000000000000          0        198        124        132        139          0          0        0.0000000000000000 16.5988322267554267 -113.1053852826458694 -53.8813180861549625 20.9678841024197347 26.4133098797461230 -38.3931552727761485 59.7352534948743426 34.7742122342783730
    -231.8577163870371010      -24.2379691721517077       18.3610958867594114        0.0000000000000000          0        196        125        117        146          0          0        0.0000000000000000 146.2453031212774590 -16.6285022939781584 -113.1537206435729104 -97.2981596912102731 -93.3315599922544124 -9.3865294002610664 178.9594194210187368 163.4554849564364645
    -217.2830798226130753        0.0397576926721477      -38.7296712282481010        0.0000000000000000          0        197        132        125        136          0          0        0.0000000000000000 141.7190245338303782 68.0699051734816436 122.3729582122250861 27.8704842452892514 -9.6821483437296187 -11.8384582060806576 -230.4786104586332840 -3.1467799321783918
    -196.0874683668688476       30.4250483907935383       -3.0132148081516399        0.0000000000000000          0        206        133        142        136          0          0        0.0000000000000000 43.2091351197727960 -76.8421721367292889 -20.4059334391612950 -17.9409478006743655 65.5482991950967460 22.7290834768413070 -44.4501059019657347 -7.0487397480713048
    -234.0816249794440580       15.4007066991281789       -9.8866410674874050        0.0000000000000000          0        214        138        154        134          0          0        0.0000000000000000 150.1731854017845080 182.6412834971011421 -213.2841540694330433 -92.7497052376261877 -125.2094501381969565 30.2748224295418602 120.9670645281945838 89.9096436488971023
    -107.0179908370428024       17.7408203940491518       38.8540533690140677        0.0000000000000000          0        242        160        168        153          0          0        0.0000000000000000 54.0305604407127831 -4.9489563640624432 -24.4992058194774103 -7.9048923551377310 -69.5542252348162719 -110.6595725019163297 130.2812237556496200 -37.7220557938216601
    -173.8891479622720055       14.1875321345250587        0.5278157094312256        0.0000000000000000          0        211        150        140        132          0          0        0.0000000000000000 92.2388328927905405 10.6567069824086502 -1.5480649540311688 -41.6828982451479391 -119.1999165266769154 57.2558061636282360 -6.8170176001063467 109.2282177139707073
    -240.0940312144698225      -16.7474161007872056       16.2069647924789884        0.0000000000000000          0        203        128        138        140          0          0        0.0000000000000000 34.0950746790929671 98.8347945209697514 -39.6796969786195461 -38.9106872177475651 -3.5124385946011003 20.0610678880020750 -50.2154116336698806 11.1905743809395233
    -200.5804428297452944      -61.2263114192515872      -34.5703836983593362        0.0000000000000000          0        205        115        146        147          0          0        0.0000000000000000 47.3814872770313613 78.7674561638171156 88.7316324811985453 17.8545633660721705 50.2756056298930289 20.2755063068893264 99.5572043597780691 -33.8882318956240951
    -229.4772311383462977        8.1907343758976268       -8.8956080792238943        0.0000000000000000          0        205        138        128        144          0          0        0.0000000000000000 119.9970550637972906 -124.9343764970909660 94.8871223299623239 12.6147120767896137 -71.1361038184983556 -3.2641282667454270 -64.2505588384094750 -12.5088411937656723
    -197.2020485169572339      -32.0542113294368818       11.7403962931908676        0.0000000000000000          0        217        129        156        147          0          0        0.0000000000000000 260.0474217553045833 -132.1090340557733782 105.1738924009338234 56.9955482889430129 64.6768838645613613 -20.5694383764216013 -1.5066239508565147 -39.1816101940071491
    -215.7542550149859437       -4.7157309192873784        8.4254718388891323        0.0000000000000000          0        214        140        134        154          0          0        0.0000000000000000 151.1109504924351086 47.6122361201850595 102.1538842335612003 43.1294685225955448 -4.9711345933671431 -213.7683417265898811 -55.3048753824534600 47.8934155356334230
    -206.1986801550468158      -14.2586896592662331        9.6484131900020511        0.0000000000000000          0        210        160        129        130          0          0        0.0000000000000000 6.3873549770214089 2.7289723049444552 12.8108848148350383 3.2882447555949561 8.6715244047407030 12.0442179817632447 -26.5375505454357210 -6.1612591902505818
    -166.6510756247282075      -24.1702569573322883       52.4576539906783452        0.0000000000000000          0        221        144        152        145          0          0        0.0000000000000000 182.3974179954176122 147.9330809588580564 71.7042157132982538 97.9894859021310936 173.6656380158788124 -5.0824872836909378 20.8393784220548568 89.4845064704468030
    -155.8012340979845192      -53.0002405461175883        9.0010915078514788        0.0000000000000000          0        214        142        152        133          0          0        0.0000000000000000 205.7503475680498752 86.6619863260982726 101.8744714138170906 58.6155921887125331 184.0515343063548812 -150.9921157051396392 132.4079632100030040 111.6896482139107292
    -182.2536632267668040      -21.9638999235566743       -6.1576252907484710        0.0000000000000000          0        235        159        157        149          0          0        0.0000000000000000 143.5209716376911615 -19.5586301633427091 57.5442663640144332 -68.5084842906895517 75.8665598232452396 15.1555401551021056 22.1704938897652752 28.5018785524426868
    -204.8093318820246225       29.5116879934139575       37.5834822950334342        0.0000000000000000          0        201        118        142        142          0          0        0.0000000000000000 78.1212167345047703 8.4560184942401158 63.0610639824384407 124.1612065227346164 89.2994001754947675 -45.3763250656783654 9.5091850927401076 38.8415379154479581
    -227.0367898645711762       43.6982398968330230       43.0901862974461736        0.0000000000000000          0        226        139        156        152          0          0        0.0000000000000000 2.2745005542478092 8.0057250016027037 -.0164547643962329 15.9788617457373565 19.0404808437733024 18.8678089001655209 12.4931205108625978 6.6794058559508054
    -199.7403777488486298       59.3180894511403238       12.6090871005486083        0.0000000000000000          0        225        134        148        168          0          0        0.0000000000000000 195.3990530388268496 -94.2969481258701165 166.8798576636563666 220.4605155938161829 96.9366887463135072 144.9484948090584169 97.0556818637112855 19.8527316416088482
    -206.7815671773862221       49.9209429680602099       -8.6521657161727141        0.0000000000000000          0        208        144        133        138          0          0        0.0000000000000000 77.4033826223752754 187.3813617769950213 -44.7664511718327915 20.7266071309116491 -20.6771204102765687 .8622986009866409 76.1772232865061341 120.1880875679394620
    -243.7592113211867400      -11.0174320211485046       -1.9436207422505456        0.0000000000000000          0        202        146        120        138          0          0        0.0000000000000000 248.7768211040064728 174.7590116377715788 -111.2004611423778897 170.9976295255200114 -125.8207541086636923 -252.0060062273461767 -43.7005466965559322 84.2576054967720012
    -212.4123928902463376       -0.5405000884990915      -49.2846323865091023        0.0000000000000000          0        207        129        140        140          0          0        0.0000000000000000 13.3026169887815904 -1.9270108320101396 -8.6478953765739952 -11.1152159407431004 -40.1257993294515742 -69.1349938004076847 3.9730060977797974 -66.0884234371878989
    -166.3577883078218633      -13.0665411739427402      -39.3503324738945111        0.0000000000000000          0        213        150        134        142          0          0        0.0000000000000000 89.8307605445161386 2.5883741496337880 34.5411196170898762 -27.0127370753679408 -69.1358163411176889 2.2689892189501535 -52.0508652161572130 -16.1955024636939875
    -203.3579720335863783      -38.5624591437306492      -12.7073205837848704        0.0000000000000000          0        225        139        149        159          0          0        0.0000000000000000 34.5646183640909825 89.2685736913549022 -46.1683191092926393 -.9339190964785153 -44.4874787710922064 41.8311904449076550 74.1778340260582496 -26.8356214893556029
                   Energy                      Mag                                                   F  N clusters    N vorts        nvx        nvy        nvz  N strings  Max s str            <l string>                Correl
