                   Energy                      Mag                                                   F  N clusters    N vorts        nvx        nvy        nvz  N strings  Max s str            <l string>                Correl
    -222.4539087636204044      -45.0339411081706302      -11.8425576015887586        0.0000000000000000          0        203        136        133        136          0          0        0.0000000000000000 283.9558109074749837 71.5967720209252718 103.0644335468686563 -71.5840778298269811 -4.2630418703691433 164.7710381629152607 53.4428575172143496 15.5123427158669731
    -213.6640462321373093      -55.2165917621742963      -23.8520908139745593        0.0000000000000000          0        214        146        140        142          0          0        0.0000000000000000 75.4838091913752010 32.4240498808192044 -96.1643880911246072 -86.0139452556501851 -180.0041551568830016 -121.0379393856265011 15.6956070794390996 -51.9508390839586056
    -168.7225279114651926       12.0566188459034560        0.6820541509273643        0.0000000000000000          0        221        150        158        134          0          0        0.0000000000000000 29.5735860925888083 -31.6547871764376580 23.1273762134160279 .5419689054757884 -10.2127143049843312 -51.5418631808445085 16.9370112541008595 -7.1574473378698276
    -256.0195049569750267       -0.0645464350401264      -37.1911040661299026        0.0000000000000000          0        180        122        116        122          0          0        0.0000000000000000 21.3519834651279758 77.5850660545811053 58.1407713792952379 -12.9852408391725085 15.0086706774476752 6.2271526365785155 -41.4014552828433509 -76.0235363248749678
    -304.6976974759769519      -46.0896408706738754      -18.8624723041355224        0.0000000000000000          0        183        126        128        111          0          0        0.0000000000000000 206.4340276371105460 -3.9128294181826604 202.8771677169305008 63.5374709550996215 103.3420364734592454 156.6793107849224782 -137.3075551483764514 65.6500449888142583
    -199.2691830449600729      -23.1057849388997205       24.8096282569919815        0.0000000000000000          0        205        130        142        138          0          0        0.0000000000000000 301.1213335432832992 -89.7937662836917383 60.5019337036979223 41.9480615213146706 143.4639006441801996 56.3748734583156619 -29.8339742986808645 85.2208783969118713
    -184.4787647690257586       10.8113882050929053       27.2400545098211033        0.0000000000000000          0        215        144        140        146          0          0        0.0000000000000000 17.6020245065156118 33.6582238317156737 -29.5749858948172815 -32.0191468870339193 -60.4200541185495368 -62.4429299105662849 28.6646164646155590 11.4834229734389801
    -219.6512910649889534      -14.5314381200950393       49.4516030927799548        0.0000000000000000          0        205        145        142        122          0          0        0.0000000000000000 401.6834031052899263 72.1308090003142439 109.8376177119720722 31.5813061178498060 -107.4232015582801836 -3.9170420015090031 69.8793048791916789 226.2014526050670042
    -233.2185804911208891      -49.6319851878913880       39.3440005076418231        0.0000000000000000          0        197        128        136        130          0          0        0.0000000000000000 324.2835424189265154 129.3877772486828235 -113.4360541149348478 16.2976534863128322 212.2835981052625414 186.2556846401230359 253.4091863959315845 104.2176297392149564
    -192.2263013849027971       12.0303725785242150        3.6540659895374006        0.0000000000000000          0        213        138        132        156          0          0        0.0000000000000000 281.4655149006268857 -74.6233504086370516 -229.3439951052848755 123.0020441677596637 335.5276174602037145 -26.9399311795205705 -110.3190167630720708 -131.7836587206590480
    -173.3330540752803017       25.5415036465714387        2.2882235725538336        0.0000000000000000          0        211        141        119        159          0          0        0.0000000000000000 17.8550738555903976 -62.6545800056169711 15.6889951011833269 57.9410562835424940 7.0490419314927060 -22.5862425460736986 62.7226919932319902 15.5601876735905655
    -210.2697254547337025       -1.7078298473887923      -53.6212440283168590        0.0000000000000000          0        202        134        137        132          0          0        0.0000000000000000 135.4081983736641632 42.7654202615371801 106.3391836260796453 32.6885629101407105 49.6409402151353731 -3.6098424314458448 104.5351218952613976 131.1105502349210781
    -219.6343670472219003      -37.0577710656185246       -4.8795091944554194        0.0000000000000000          0        212        143        133        146          0          0        0.0000000000000000 236.4809771766512938 39.5438213130554033 75.4620290261202200 -65.5789195323297065 142.2421427064763009 22.3027447339978977 79.9626528868577822 44.0581730171461530
    -216.2456558013145695       31.1707191744701362       28.9034772025564060        0.0000000000000000          0        191        122        131        127          0          0        0.0000000000000000 19.6005674705198416 43.7995187537395481 60.7249114251205384 48.5018686033755557 4.0189934963389389 2.4441397159107461 35.6197687829178307 -37.4283382244144605
    -241.0196830104509615      -70.0310239556006877      -10.9858680139039553        0.0000000000000000          0        192        136        126        120          0          0        0.0000000000000000 287.2019146693175458 -.2806200998429915 75.9878634387324894 153.3616297182501285 15.2222920721601618 101.0234965763705759 265.7140652741132953 183.7807107250167178
    -215.5574327460177813      -43.8334745145597751       -3.3433497536978303        0.0000000000000000          0        203        138        127        140          0          0        0.0000000000000000 150.2363712516494729 -21.8015533261170305 -24.2407574716848799 -94.1817340627655426 -101.6964942548422357 -36.6337174503475964 -205.8788885839380214 15.6307058485463770
    -181.2531965902641389      -33.7601736698499266      -30.5732906563326203        0.0000000000000000          0        210        141        136        139          0          0        0.0000000000000000 183.1690227224174805 258.8743395061153478 -11.0747983994243810 -84.4976434832822321 -76.6885920739683087 -54.1578500559016902 -29.8687640670655519 -39.4148345055562714
    -190.2402435554714941       29.7840952604403952        1.6299010757788324        0.0000000000000000          0        209        130        129        156          0          0        0.0000000000000000 98.7803826301168613 -3.8075444388529149 12.9088666021328748 -15.9956001473368410 4.1607235317662514 -3.4909109119081307 121.5691880226108879 14.9412616385714330
    -202.2429323818682860       19.9594550617827693       12.3778439190115179        0.0000000000000000          0        202        140        126        137          0          0        0.0000000000000000 176.8968157458954238 35.2362036251679456 .1900600372791814 -45.2473167492836978 -110.2568671594539609 203.3558610145022385 43.3442136075960605 -16.1801282683226759
    -173.3325024466016089      -18.3220660539802545      -32.4971946072670974        0.0000000000000000          0        220        142        158        138          0          0        0.0000000000000000 92.7176299461080191 -131.6668640059128847 113.8295667373762114 -34.1508648918106985 4.4411460768772395 -73.1598413193382697 -143.1223395786543335 53.6275979231964257
    -277.9889018382324366        6.6435356885722801      -28.9877330929976900        0.0000000000000000          0        185        117        113        138          0          0        0.0000000000000000 540.5692436868833965 -3.7769768711478804 29.8525124710432408 93.5129255846343597 -91.9594138359051385 -238.0099792968540271 -226.5899770713554346 -187.4216836198411045
    -179.8892104059835049       18.1772555608373914       53.2573535833719944        0.0000000000000000          0        223        142        158        144          0          0        0.0000000000000000 40.1844908089633321 -99.9564024898707402 -46.5873829544573184 -2.5742333557692856 11.9059884523912913 128.0611292639590033 -55.9833386728834768 -19.9388288037530756
    -144.4849972733923664       18.2694528706395758        2.4159260760740260        0.0000000000000000          0        225        138        154        158          0          0        0.0000000000000000 2.2136471776220734 5.9012900478587405 14.2328857576157759 -4.4994068673242955 9.2381330712656791 5.8215531240574734 -7.0023095047804702 -5.3331249231348128
    -137.1723191526402275      -20.7445013613562388       -8.2714470188315001        0.0000000000000000          0        244        158        168        161          0          0        0.0000000000000000 36.5512235949046058 -34.9171592749119171 -40.7626747828170863 3.9227686248586977 6.6783911224464587 -27.5968310969694528 -82.2304911171701463 8.3712058913638856
    -241.7916434520950304      -20.9267038164231884       10.3606909345510303        0.0000000000000000          0        207        140        138        136          0          0        0.0000000000000000 73.5863349872192032 -99.8090646821667065 41.7704397872465449 40.6451714553660537 40.7803519838506716 20.8317229291001809 -3.7639150437905196 -21.2318513043593775
    -186.6094775748397012       -5.8569719147576267      -31.1193979271148642        0.0000000000000000          0        220        144        162        134          0          0        0.0000000000000000 66.4283285196133875 49.6592251141734948 -34.4895568813275162 171.9561148114169100 74.6267458450700900 -34.4083777089222238 -18.0500464924048210 -29.9404562116976827
    -201.7580578558304296       11.7727283450828821       -5.7742732848501053        0.0000000000000000          0        197        134        128        130          0          0        0.0000000000000000 4.4245434553675569 8.8836037508803436 -11.7116532222038181 .3946276191505795 18.3379178947017181 -24.8356391148114710 -23.2544003638115058 2.5914981094648288
    -221.1020265076676878       11.1010072720571600       25.0313922841054755        0.0000000000000000          0        214        145        137        144          0          0        0.0000000000000000 334.1395958401863027 -155.9668261262874012 -94.1866274450932224 -27.1384322875550197 -20.0545231926293397 63.5174545511274005 73.4029678040595854 36.7704489867771187
    -162.4306116500247867        9.1717848385353307      -12.9737720238108203        0.0000000000000000          0        214        138        147        142          0          0        0.0000000000000000 126.2388733415155855 -50.0367078815212309 -53.9567192710058023 -120.7643265106055992 -53.0054293722745840 -68.0842690200713463 97.9069830603174438 36.9205092990663246
    -226.0486285856095776       48.9041572899222956      -78.0293328415598921        0.0000000000000000          0        199        125        138        129          0          0        0.0000000000000000 346.3948844144666168 42.0687846166517403 59.9301263673521944 132.6080464019223086 145.0866551356264154 449.7653172967036426 128.5179164012857029 175.4897733857932280
    -232.7061249761309227        7.4375760267763287       10.0974237745734889        0.0000000000000000          0        206        140        131        139          0          0        0.0000000000000000 84.8745725507375965 -15.1834039649558932 -18.2708827428776388 -41.9222501262699510 140.9068766515513573 -37.3070763707232587 20.3863115481435280 -22.9592874016418591
    -173.7610683593951535      -17.1244041615148959      -18.4073514627970809        0.0000000000000000          0        213        138        146        139          0          0        0.0000000000000000 84.7418988664044690 36.8859711545319726 -71.2843981986857216 97.0292992403982453 -33.9025835055687281 7.0121345491729627 -83.0309198316476085 104.7345907165545071
    -217.1569714895679510       19.4043437970159971       40.9901897412232543        0.0000000000000000          0        198        132        132        132          0          0        0.0000000000000000 66.1412710021698587 -65.5535520365390312 -118.7247602026831714 83.9711200720298194 -62.3114554406382766 -49.6684905557042313 -110.7378353204427270 -86.0646753607216652
    -204.3145113188619462       25.5623099249641150       -3.2169181866194032        0.0000000000000000          0        222        146        147        148          0          0        0.0000000000000000 73.6421995580949158 68.5149866688799705 -9.5070000175241898 42.6638788297568539 -7.3445000374714464 -46.8634350676705793 -10.3629665352209841 62.5013920597476229
    -237.1236620284366268       25.1614999311618952       28.9716815439440794        0.0000000000000000          0        205        130        137        141          0          0        0.0000000000000000 153.2459103940726095 141.3382881754838820 -44.4416215637452794 75.8319279466257115 -62.6291016701446708 44.9698653307109240 118.4845353570976272 32.6724317524708638
    -255.4195409478656416       36.4818029557889432       31.6024427995641730        0.0000000000000000          0        187        129        123        120          0          0        0.0000000000000000 76.1918494115370066 -35.3602891491568840 82.2092904933534641 107.7589893731100972 128.8490606062121628 -10.2205037642555041 16.3047906210544049 -6.3152780485023658
    -213.5953609313500579       30.7989952919568957       -6.1061211158502902        0.0000000000000000          0        206        148        130        134          0          0        0.0000000000000000 22.5183102047220629 6.6907838879003041 -61.5843379528264023 -53.3897226027448184 -64.0146449272791784 15.8176430409582949 -1.1541259041151601 23.1377676316647225
    -258.3102029937090265       33.3587514598484134       -4.6465392436555932        0.0000000000000000          0        202        140        136        126          0          0        0.0000000000000000 74.6421999587668665 107.6496383643819854 134.8287040483044166 -82.2153143480120860 -.0814253101688340 66.5033972211884361 -30.0871467497242229 -9.9128119232495919
    -260.1042819591234547      -39.3804954824795956      -62.0613562677146149        0.0000000000000000          0        187        114        134        125          0          0        0.0000000000000000 347.2797065156192389 269.2781889377164362 37.6209191142225734 129.4956097293168682 -7.7053154025323067 247.0818421771480757 141.4714592137225111 167.0237110473764233
    -174.5791847594518060       -5.6068000967224938      -10.2179632535240810        0.0000000000000000          0        225        142        154        153          0          0        0.0000000000000000 61.7777809913425102 52.6671701895374724 -41.1041913640691945 15.9639020092688177 9.5630445500520551 -34.3743141245654940 -15.5744135718011698 28.0710216047547263
    -218.8837114733181295       17.0492015086137414       -0.2999165044735824        0.0000000000000000          0        207        132        141        139          0          0        0.0000000000000000 209.3390719736542565 153.0332737853072160 -36.4941103230273995 16.7233025102266275 31.9337394714212124 -152.3903767679870782 -23.0968878642105295 -111.0187154651237478
    -198.9231920815831245      -26.8376291698051475       19.6008042347148184        0.0000000000000000          0        224        141        150        156          0          0        0.0000000000000000 59.0545968545484570 34.8364464131470157 15.0870420037357924 25.6805939822461866 -5.9286846773776212 -68.1872150832460733 -11.5698152444340039 21.8591296120720742
    -209.2064925405607312       21.0108507505352620      -16.5537520244651333        0.0000000000000000          0        208        142        134        140          0          0        0.0000000000000000 204.1730117241281164 18.9081914050134259 -24.2379302664683038 -68.1851176468185969 -189.2125099352802238 -126.1162921343435386 37.2577481933436374 -43.3465889257755066
    -231.0837605670747337      -35.9099347471121177       14.1895162814704676        0.0000000000000000          0        190        127        126        126          0          0        0.0000000000000000 77.8277902180328738 43.5270566479377194 23.2863457654398367 58.4702374173514272 62.3335876728587763 -4.2551965896500725 -19.4331982500008280 95.1216378415305286
    -222.2303233596741734      -37.2991559465568017       65.8561067526775901        0.0000000000000000          0        209        146        140        132          0          0        0.0000000000000000 292.2539537817984865 325.9213560303954864 -158.3289351706973775 154.2512616124847682 133.8462042573472388 -.4730818869636213 125.6149947386374777 108.9927617493370064
    -172.7143028896745705      -42.9275472302265939      -10.1322113075512465        0.0000000000000000          0        211        139        134        146          0          0        0.0000000000000000 18.1874641234232826 31.0141097983077216 45.4449752963525597 25.4081256259355825 -17.0919983984349706 12.3421844127124096 1.2005149922056404 17.5526871765041577
    -202.4132661676969462       42.9998457839914607       24.1269866142067180        0.0000000000000000          0        225        158        144        147          0          0        0.0000000000000000 126.1424196137670179 -104.0842451999263147 -76.3116466417045132 84.1905468685405651 40.2434317633447023 161.4890370022932871 46.1883889361463105 63.3420479073832396
    -253.7760757624577934       -0.1637616362164620       26.8096363555458517        0.0000000000000000          0        199        135        129        132          0          0        0.0000000000000000 15.9192693546372439 49.4887556400706004 45.1313499850463202 13.7995752948184780 -48.1966716004663311 -28.6097164107183524 -15.4243039026459865 -11.3788639185186504
    -162.9162559169798783      -14.2605139929434941       -3.0107774279436192        0.0000000000000000          0        228        168        141        143          0          0        0.0000000000000000 64.1475657969002668 -41.4273368794610803 31.8258711073884939 70.2547902492334089 -40.6708227751373386 24.9926560173517771 -63.9971982441342107 -5.5545027852932236
    -214.1532898124485769       -9.7265387123420002       24.8894166021723748        0.0000000000000000          0        207        146        130        136          0          0        0.0000000000000000 80.2602357173359451 21.3330583550771991 38.9982508701787793 -100.6241801732598162 -13.5513091859081278 -21.9009411074021330 -47.2240322477808405 -66.9652052754372704
    -229.5109862824834295       44.4437679907463306      -73.8652044345962366        0.0000000000000000          0        198        127        136        126          0          0        0.0000000000000000 151.5891970528358570 120.8245395776531552 -91.9691859263272420 129.5898065587572319 73.3060146064883611 124.2461350790744916 214.7243264886833742 55.4954906801651049
    -252.4816603474057217       -4.4391643269994816       -2.9255355692225669        0.0000000000000000          0        184        104        118        144          0          0        0.0000000000000000 133.1272957657705831 -70.0196502898665756 12.1680770668275589 -110.9017989081927169 -89.9574567972459676 -134.5344586709432519 169.2054114360895483 54.8995651123039323
    -264.7155018613563016      -71.7856274619535384        8.5496641797234538        0.0000000000000000          0        195        119        140        129          0          0        0.0000000000000000 255.8470891936572116 145.5560600655762187 72.7461362935400189 158.4797942661153343 -23.2860931732444207 -52.3641293880400553 -53.2043690217348413 205.6528615936637436
    -271.8633163064446876      -55.2042486408072293       -1.4936168053521590        0.0000000000000000          0        181        124        120        118          0          0        0.0000000000000000 74.2084965832720371 58.4866016673197322 42.3085936533070495 9.3307043798334632 112.0698505295724772 98.6536846332193136 85.2541200687335134 -42.8321774562385542
    -190.2557054916449317       31.1951358976342057        5.6375911701931063        0.0000000000000000          0        216        148        146        135          0          0        0.0000000000000000 53.9714217956181272 -11.9056512395054810 -63.1988040328644090 55.9472213349801422 75.7081690255213005 13.7851496932626443 73.8877282068570622 -30.8446891034393502
    -229.1819601851393600       13.2054349282215373      -15.8503383129920827        0.0000000000000000          0        204        136        127        138          0          0        0.0000000000000000 126.8872207876884204 -221.2069806281429010 73.2566961760507382 110.9532426915129122 22.2223134509417619 41.5442126450061480 -35.4895661049233411 -97.7800701967248784
    -185.0238027820338118      -48.3780895957431341        2.3528206811614396        0.0000000000000000          0        226        140        160        152          0          0        0.0000000000000000 67.7948158976068243 43.1909774939072548 94.6775644934027980 100.3380790445646653 16.4140447869846575 -64.0334440253558057 41.4308660010485426 91.8213615139469539
    -215.5050334046541423       20.5288970174648462        1.0200383487868763        0.0000000000000000          0        221        141        149        147          0          0        0.0000000000000000 38.7253078482971560 -48.3229716630072232 48.6198239489235888 41.1519562249766437 -34.8258592064345436 -21.1715619578355110 59.4683541374579221 9.8782375097282031
    -198.9323858535817067      -18.5958802492515431      -48.1816832384753582        0.0000000000000000          0        221        131        150        158          0          0        0.0000000000000000 533.7683977076825386 231.8968269137710365 68.8223634381149907 -283.6615223514882587 -16.3307882199667986 159.2925138090087671 408.5400544632112769 88.9752233323465873
    -219.9911507751215254        2.9206292551093060      -34.5568706546026476        0.0000000000000000          0        200        134        128        138          0          0        0.0000000000000000 193.9309342446897233 -36.8437403125816729 66.4824494235960515 38.2811496116257217 86.3754029619620098 83.8581159253806447 -8.3037166165933289 -75.3783975951539276
    -187.2073656232821577       34.3722994070280166       38.8059647318930345        0.0000000000000000          0        224        152        150        146          0          0        0.0000000000000000 177.3912441296253633 76.9372721861139155 25.9254354644274621 10.9517977510975655 61.8772573722135917 74.2153719760074750 55.3953497243640527 142.2998116049134865
    -222.9118541850216957      -21.8080795096594358       40.6514828738961000        0.0000000000000000          0        197        128        138        126          0          0        0.0000000000000000 14.8605882051237650 22.5196487031961539 -41.2092573455872753 -49.4671858482969498 2.4626363028813607 36.0147465128833346 -72.8711862911535349 -31.0947380273411298
    -190.4294247358060090       41.4000730306180600      -15.0969107345515461        0.0000000000000000          0        201        134        135        131          0          0        0.0000000000000000 18.3452756697040869 -25.1683490406030472 12.2202798563473429 -11.2616902310936133 61.7673015451380678 52.5156983557692669 13.9960317147137410 66.1743126377268993
    -198.2188652361209336      -20.3545079921420431       51.9863976815899562        0.0000000000000000          0        203        148        124        132          0          0        0.0000000000000000 214.5603052682779150 -194.4300284681990831 -258.8891575346725062 8.2912393628656567 5.1683819249192666 -40.8269199822073574 54.0382511628416040 55.4503841530702388
    -210.8618045317601002      -11.9874546166814540      -13.7504053589435387        0.0000000000000000          0        198        141        130        124          0          0        0.0000000000000000 6.0428038267848248 -15.4668594003689428 -9.2625597924531888 6.4601733502257508 11.0557870634590980 7.6439091483051689 -31.6603121217062231 -6.7890611666001206
    -245.9623556259306270      -13.4948014945698773      -52.6339216107594083        0.0000000000000000          0        184        136        122        110          0          0        0.0000000000000000 29.4189471997647018 67.9418185926159168 79.2061982451338906 22.0835632552375216 -3.9635962572672163 -21.4375077168351069 5.0178765777026673 116.4343225623849918
    -181.8170270351720887       13.9268039578131209      -69.7716829216289653        0.0000000000000000          0        214        142        139        143          0          0        0.0000000000000000 349.0774473533688820 45.4609011287708142 169.4449813364582269 11.5465079234519834 76.9507287402620364 233.6288642808028442 236.0624027373473552 206.1659053112923345
    -232.4529556044057301       51.5826664187775989      -23.6801074530982198        0.0000000000000000          0        200        124        132        144          0          0        0.0000000000000000 51.4501204560538170 48.9293591661193688 65.2212889442546100 -8.8122353958237944 45.3935772452798858 20.6866444041287068 28.6952732182021677 71.4730723941396064
    -173.4235756251577811       29.1090144733948826      -35.0849748619615838        0.0000000000000000          0        230        153        136        168          0          0        0.0000000000000000 1.5323699512073468 -17.9611800257378746 2.1606272075011943 -11.5158724325088979 -3.0815157727704965 -17.8955519131529321 -11.0918104364914445 3.7896982567400834
    -194.8183677287657076       41.9552749370009579       37.7880015021010962        0.0000000000000000          0        221        158        136        147          0          0        0.0000000000000000 186.3682037949141659 154.9279613500579273 -36.2046633576905990 20.7543029490023159 -22.5541686236319521 43.3973515990430556 48.9194359682139464 149.8703740422733119
    -237.1544268678552783       -3.8721174684281752      -18.1068983926648421        0.0000000000000000          0        214        138        153        136          0          0        0.0000000000000000 24.9908132246185666 54.6726719621063211 -24.6936208472992504 -49.1571242330829392 19.1069011243094522 18.7489843163802696 7.5169611521642317 1.2669250235759746
    -211.5393866545482240       17.4119103880362687       39.3940083520571491        0.0000000000000000          0        206        127        140        144          0          0        0.0000000000000000 227.8506792079607806 -68.2669663998252361 -10.5514148549157127 112.3164058807856236 53.7486177429421161 -26.1703382768611235 145.9270716864797350 67.8295843109728338
    -214.7583194099382524      -24.4888040110903233      -42.8427378634427001        0.0000000000000000          0        205        150        132        128          0          0        0.0000000000000000 168.4238857626079096 178.6870046122683675 1.8599254196324342 -123.5868656489848263 -123.5710432526106075 91.4904956947033696 33.8590227981699528 121.1634908289809545
    -211.7462244692044351       48.1995926278786087      -17.3126630218399917        0.0000000000000000          0        202        127        138        138          0          0        0.0000000000000000 111.1489371215710094 -8.4725379748441032 -52.8681775607411595 179.0316266876166367 28.3451317882222895 18.2865227685976635 72.6067947481670473 95.5175009062794089
    -203.1397948511387028       -5.1391935133580144       11.3848605321874246        0.0000000000000000          0        227        153        153        146          0          0        0.0000000000000000 461.4450491768632219 157.2242037822236398 104.4281514520896508 -126.4678248426425426 170.8209442203654476 -249.5677098269917451 7.8903928362058515 -262.6832133414990835
    -216.5927244238311005      -28.0524052944221545       24.7628039029664748        0.0000000000000000          0        219        144        145        145          0          0        0.0000000000000000 144.6272728867843966 -65.3342131164030775 -34.0419475638296802 -28.7625850867795307 -43.6969272131758544 -7.8343981839286752 -44.3960327475779692 57.9265687227582546
    -222.7506711531181622      -20.4184602453333319      -11.3039966918878392        0.0000000000000000          0        210        140        150        130          0          0        0.0000000000000000 40.0162072669790518 43.4541616921108584 57.6774781479882606 -44.9224778803560270 2.6026623334407191 -17.7997869970075584 -31.7423922323668926 93.8783423214105710
    -175.9214899437143060       27.8791693610472358      -13.5317116848324215        0.0000000000000000          0        210        138        137        144          0          0        0.0000000000000000 93.4933055232968684 -13.0339919786413549 -131.9327769392347136 -73.0766309457573868 -113.8685849955789422 54.4987917819200121 5.7254445191749888 -48.8728529102894953
    -181.7870943161498190        5.8389913742793285        8.4153566400478645        0.0000000000000000          0        216        144        141        144          0          0        0.0000000000000000 15.3093498447007317 31.2467091868371014 -35.5786301592492791 31.7270564089799620 -57.4998676571010350 -10.2595985762019080 -25.8472413392249578 36.3782689838977333
    -231.9910439096533707      -49.1981444312213512      -11.6124008451195717        0.0000000000000000          0        206        140        134        138          0          0        0.0000000000000000 36.1434891106602834 91.7606619241597770 32.4305592017446358 63.5887054073544604 -1.0743100251501789 60.2587164747957544 24.8500256515489610 -4.0902436115446150
    -256.4341984348215533        0.2780864386792941        4.3724755751445796        0.0000000000000000          0        175        116        119        114          0          0        0.0000000000000000 79.0989528262290804 -45.6970841667852810 79.2663044334728966 -60.5016170476754027 30.2398269264777966 -77.8264673467827919 -81.6903690973589249 86.3531864639861055
    -248.3519729974072447       25.8531470731376700      -40.2710173096185713        0.0000000000000000          0        193        132        123        130          0          0        0.0000000000000000 21.3443475546740267 43.5502406416201566 35.4642053844035132 26.8039391041184381 -30.0777086198808377 42.0057741292826563 24.7073439138838253 -10.4005153333356244
    -232.8643150663800441       16.4558913046530044      -47.4140220347310688        0.0000000000000000          0        203        130        128        146          0          0        0.0000000000000000 6.4263082987669407 3.5001797404705313 -13.3797387346598420 6.9369265524950103 32.3445587286772493 16.1421290519685670 45.9677774306974243 8.1454661346782551
    -253.8475394392783073      -10.5992787165571656      -41.8564311258942610        0.0000000000000000          0        207        134        140        140          0          0        0.0000000000000000 13.3190709424498621 -10.5817142755702385 -3.3904017842887662 41.5709959800230990 44.8181326505885878 3.2665586735111436 -32.6196267621622411 27.8013335689674861
    -153.3658752320609153       36.4887300630118432      -44.4688159829761460        0.0000000000000000          0        221        138        148        156          0          0        0.0000000000000000 173.9812670793281200 200.0049056250093713 25.2704161042423863 38.0806781922227984 53.8248163030006381 95.8453126064921435 16.9619145322580493 149.2771033473367481
    -217.0785849744881091       53.7055282550607984      -19.2793505480645244        0.0000000000000000          0        203        142        138        125          0          0        0.0000000000000000 103.3192911358462283 124.4795724776974453 -27.8430384094021122 24.1865204682707358 59.2765013892839221 -32.6273895434401808 66.3372406951117171 120.3572497164870185
    -192.7534583295515915      -28.6681208159597780      -20.3066823899305362        0.0000000000000000          0        224        149        141        156          0          0        0.0000000000000000 190.9319262145608889 93.1211659154097617 82.5168718931532226 36.5440846282812259 -3.8715808102505616 52.0592483918138313 -137.9099255763733538 55.2372426411918838
    -253.8110232055298354        0.7565335702554450        3.5028621100655104        0.0000000000000000          0        192        132        132        120          0          0        0.0000000000000000 36.8801504325626439 -126.0625223491345253 -125.0531955336548151 20.6719612794555303 48.5633941852028954 69.8668422061723788 43.1609541855675687 17.7041537150942574
    -213.4989111514880733      -41.4810175859821300       17.2462107157281359        0.0000000000000000          0        219        147        134        153          0          0        0.0000000000000000 319.3777129384128557 112.6035397296093663 210.7164480686143122 127.9802062202687978 14.2195461270357271 -57.1047067785951015 259.3440079944039667 -203.9618462361189017
    -179.8719004533378154      -13.1182849297037620      -10.9436766586614844        0.0000000000000000          0        215        142        146        137          0          0        0.0000000000000000 57.9606632260024526 57.3233127824609738 40.0781007088606174 -77.9417740598109532 35.9821721726749857 3.0258250062714760 31.1958465968350787 -59.7885353402715651
    -221.6669732213517818       -6.4342495804055133      -38.2153697495944726        0.0000000000000000          0        184        126        122        120          0          0        0.0000000000000000 470.9127868480555890 35.7284624370469004 168.1425086738988455 39.7358622624509863 3.2422584258288012 -147.7159086878185690 -117.7601775185850386 302.4581168148264965
    -209.9042382959099484       20.1196893152925398      -37.6357357052112320        0.0000000000000000          0        209        118        149        149          0          0        0.0000000000000000 9.4446828001181302 9.3919878035200064 7.6583161054615676 29.0471709087087362 6.5221857183781395 8.9279818703077165 -14.6375551631185754 14.9491963234080778
    -236.6657919934498864       -4.3359777292177775      -31.5271592755273922        0.0000000000000000          0        212        140        132        151          0          0        0.0000000000000000 220.4501257617931174 -104.1576184076548657 -59.1807491874199414 -126.9785756348937866 79.6925570876406653 -76.5432749075859107 275.8605815953920910 123.8921018783465513
    -193.6527009030601221      -30.5256713571777247       -1.2491140933405427        0.0000000000000000          0        200        118        138        141          0          0        0.0000000000000000 12.3329298753356387 -32.5815202475950585 -49.0831224820940264 25.2654488701743496 22.3095872196193064 42.4078106968882267 -50.4281930810331431 -15.1462417218992940
    -170.4392888643667732      -28.9657837123567532      -51.5535480482814137        0.0000000000000000          0        220        144        144        148          0          0        0.0000000000000000 71.2581413667132182 67.6065534552008387 72.7025996797635514 -17.1974063524981631 52.8435236182173966 123.3488590189245286 81.7701698328055784 46.5697161753682138
    -253.5783472203617634        0.5566745837886784      -10.4472378932100796        0.0000000000000000          0        193        125        124        136          0          0        0.0000000000000000 121.3258317709960039 35.9619821663761670 79.3232886764409528 -68.4851926914775504 -17.6314239939591211 20.2172868484101826 -45.1780937687835191 -10.8726443219668241
    -199.9470834286133538      -13.3360956132157238       -4.7876027999626487        0.0000000000000000          0        213        149        129        146          0          0        0.0000000000000000 25.1715881822338723 .5168675078261433 36.1314947246353810 24.2606498174993632 -1.5926914348631549 -32.3249966531821258 -13.7414460172051154 26.8591846098965412
    -188.5487333597047552       52.9137472854891584        3.4877124266671826        0.0000000000000000          0        204        154        140        112          0          0        0.0000000000000000 84.4790211048305082 106.2107810797491112 31.7426047198750325 -136.6549726564288392 -55.5856105070899105 -25.0646461031788235 -96.2127103301387478 24.1659880154991029
    -226.1618348885511409       -8.4307135988071611       15.7413138390442633        0.0000000000000000          0        211        130        144        147          0          0        0.0000000000000000 48.2373060657166945 -76.8467782431451525 86.9439698417286451 50.9897173926554004 -122.5533078411255303 -27.1693606778645460 38.9741301160031668 34.4294276542769282
    -264.0001667351214678       56.1185127801590866       68.1235379690701137        0.0000000000000000          0        189        126        123        127          0          0        0.0000000000000000 128.1342413449539492 -9.4308219309555206 68.3352449306944436 71.3123665267892193 252.2501815995078118 183.8975250693690100 117.2669048746876967 34.7023956158388032
                   Energy                      Mag                                                   F  N clusters    N vorts        nvx        nvy        nvz  N strings  Max s str            <l string>                Correl
